# {"debug": false, "pause": false, "slo_ms": 76, "output": "/users/pleple/DynWork/log/azure/LenScale_0.01/translation/mbart_wmt/1.2_x_P99/clipper/output.csv", "reqs": "/users/pleple/DynWork/log/azure/LenScale_0.01/translation/mbart_wmt/jobs.bucketed.csv"}
JobId,Length,Admitted,Started,Finished,Latency,State,EName
0,18.854647009866312,0.0,4.117676973342896,26.650816885754463,22.533139912411567,done,
1,20.04062026971951,19.754561871886548,24.789665937423703,48.73438307084143,23.94471713341773,done,
2,18.380133339669555,39.509123743773095,45.87938117980957,69.06882713735104,23.189445957541466,done,
3,24.90310142049566,59.26368561565964,65.98935103416443,95.99056201428175,30.00121098011732,done,
4,14.493147769244388,79.01824748754619,86.32051086425781,112.43200794234872,26.111497078090903,done,
5,8.458360899239779,98.77280935943271,107.24246501922607,122.7250499650836,15.482584945857525,done,
6,11.876351409591734,131.6970791459103,142.0312781333923,157.30887711793181,15.277598984539507,done,
7,46.28106878022663,164.62134893238786,176.62488222122192,225.39823823608458,48.773356014862664,done,
8,18.868441899539906,197.54561871886543,210.4998121261597,246.06952906958762,35.56971694342792,done,
9,33.80694682942704,214.00775361210418,227.6977880001068,289.65257383696735,61.95478583686054,done,
10,41.481594080105424,230.46988850534302,244.57183599472046,289.744833977893,45.172997983172536,done,
11,18.77357391058468,246.9320233985818,261.327152967453,317.7401110418141,56.412958074361086,done,
12,26.120650209486485,263.3941582918206,278.0078089237213,317.8781199641526,39.87031104043126,done,
13,8.068438259651884,279.85629318505937,295.0171411037445,340.20473710261285,45.18759599886834,done,
14,20.282115220325068,296.3184280782981,311.85158920288086,340.5080602578819,28.65647105500102,done,
15,21.33645351976156,310.42882941536,328.11570715904236,363.50844417512417,35.39273701608181,done,
16,35.55112652014941,324.53923075242176,342.76794004440313,401.20820412598556,58.44026408158242,done,
17,15.34021000028588,338.64963208948365,357.6225049495697,401.43470095284283,43.81219600327313,done,
18,19.133880619192496,352.7600334265454,373.8290729522705,422.2289138995111,48.399840947240584,done,
19,10.016827250365168,366.87043476360725,388.7223310470581,434.0769888535142,45.35465780645608,done,
20,9.827551880152896,380.980836100669,403.64122104644775,445.7190301530063,42.07780910655856,done,
21,68.34012386971153,395.09123743773085,418.3934681415558,,,error,ValueError
22,39.25481365993619,419.78443977758906,444.3863739967346,,,error,ValueError
23,19.50822607963346,444.4776421174472,469.9623920917511,,,error,ValueError
24,29.746667810250077,469.17084445730535,494.7468900680542,,,error,ValueError
25,22.39546234952286,493.8640467971636,520.3843700885774,,,error,ValueError
26,7.970987140433862,513.6186086690501,541.0749371051788,,,error,ValueError
27,25.947874959092587,533.3731705409367,561.3903820514679,,,error,ValueError
28,38.15202938974835,553.1277324128232,581.9498560428618,,,error,ValueError
29,57.999197000171996,572.8822942847098,602.7460939884187,,,error,ValueError
30,12.417890140786767,592.6368561565962,623.5007059574127,,,error,ValueError
31,8.783250550040975,612.3914180284827,643.6616609096528,716.4317668173463,72.77010590769349,done,
32,15.298175880452616,632.1459799003693,664.2446708679198,733.5888149496167,69.34414408169687,done,
33,24.688342009903867,651.9005417722559,685.073037147522,760.2473860420287,75.17434889450669,done,
34,22.020891450811177,671.6551036441425,704.9915699958801,,,error,ValueError
35,26.53940682997927,691.409665516029,726.7426180839539,,,error,ValueError
36,27.641682489775118,716.1028678558873,752.9220020771028,,,error,ValueError
37,12.98799659940414,740.7960701957454,779.5647180080414,,,error,ValueError
38,19.68721164972521,765.4892725356035,805.021096944809,878.5793699715286,73.55827302671969,done,
39,53.476997789694,790.1824748754617,830.3229160308838,,,error,ValueError
40,38.42070561950095,809.9370367473482,850.870167016983,,,error,ValueError
41,29.26723226904869,829.6915986192348,871.0369880199432,,,error,ValueError
42,13.779682460008187,849.4461604911212,892.8381140232086,,,error,ValueError
43,13.74134110985324,869.2007223630078,913.4639370441437,,,error,ValueError
44,25.115911979228255,888.9552842348944,934.3585131168364,,,error,ValueError
45,51.721800849773,908.7098461067807,954.4832201004027,,,error,ValueError
46,14.706474740523847,928.4644079786676,974.9970169067384,,,error,ValueError
47,13.311495849629864,948.218969850554,995.6453990936279,,,error,ValueError
48,31.446506859501824,967.9735317224406,1015.8213000297546,,,error,ValueError
49,19.958512750454247,987.7280935943272,1035.8373329639437,,,error,ValueError
50,21.035369810415432,1007.4826554662137,1056.4588260650637,,,error,ValueError
51,15.09960548952222,1027.2372173381002,1077.1142621040344,,,error,ValueError
52,18.359461519867185,1046.9917792099868,1097.3383541107178,,,error,ValueError
53,10.4347857600078,1066.7463410818734,1117.2919478416445,1188.1430037468674,70.8510559052229,done,
54,22.929159570485357,1086.5009029537598,1137.9147679805756,1213.034570010379,75.1198020298034,done,
55,16.43387911026366,1102.9630378469985,1154.6268529891968,,,error,ValueError
56,22.212794070364904,1119.4251727402375,1172.1735498905182,,,error,ValueError
57,26.79901833995245,1135.8873076334762,1189.408891916275,,,error,ValueError
58,7.157230830052868,1152.349442526715,1206.9613859653473,,,error,ValueError
59,12.498297470156105,1168.8115774199541,1224.354640007019,1298.6079120393842,74.25327203236519,done,
60,26.232465349603444,1185.2737123131924,1241.520627975464,,,error,ValueError
61,19.56034090020693,1205.0282741850792,1263.1670529842374,,,error,ValueError
62,20.913533410057425,1224.7828360569654,1283.1974029541016,,,error,ValueError
63,14.8749156401027,1244.5373979288522,1303.9235200881958,,,error,ValueError
64,7.422761670313775,1264.2919598007386,1324.593622922897,1397.1901717465369,72.59654882363975,done,
65,46.4657742693089,1284.0465216726252,1344.5868871212006,,,error,ValueError
66,9.333413710119203,1303.8010835445118,1365.427474975586,,,error,ValueError
67,34.369141909992315,1323.5556454163984,1385.3959448337555,,,error,ValueError
68,8.757645760197192,1343.3102072882848,1405.5073120594025,,,error,ValueError
69,47.16457886970602,1363.0647691601714,1425.9063591957092,,,error,ValueError
70,32.47082893969491,1382.819331032058,1445.8072218894958,,,error,ValueError
71,6.9833306898362935,1407.5125333719159,1471.6655418872833,,,error,ValueError
72,20.808713500155136,1432.2057357117742,1496.9616329669952,,,error,ValueError
73,28.455617630388588,1456.8989380516323,1522.131450176239,,,error,ValueError
74,10.848737549968064,1481.5921403914904,1547.9916560649872,1616.4925969857723,68.50094092078508,done,
75,24.631395000033077,1498.0542752847293,1564.852364063263,,,error,ValueError
76,22.5876239000354,1514.5164101779685,1583.4229459762573,,,error,ValueError
77,24.59035829990171,1530.978545071207,1600.5022602081299,,,error,ValueError
78,27.18004102003761,1547.4406799644455,1617.7514300346375,,,error,ValueError
79,32.62958816951141,1563.9028148576847,1635.2977080345154,,,error,ValueError
80,22.604695069603626,1580.3649497509234,1652.0542118549347,,,error,ValueError
81,11.972084819572046,1605.0581520907815,1676.8913009166718,,,error,ValueError
82,18.362592048943046,1629.7513544306396,1703.749619960785,,,error,ValueError
83,43.11123545980082,1654.4445567704981,1729.3037078380585,,,error,ValueError
84,17.671251769643273,1679.1377591103562,1754.1156539916992,,,error,ValueError
85,11.540769869461654,1712.0620288968335,1787.2752621173859,1860.2015349883586,72.92627287097275,done,
86,22.196720250649374,1744.9862986833114,1820.5470349788666,1884.282093975693,63.73505899682642,done,
87,12.716798469191414,1777.9105684697888,1854.1447620391848,1898.878872862086,44.73411082290113,done,
88,24.381677950732414,1802.603770809647,1879.5166318416595,1925.1188796591014,45.602247817441814,done,
89,5.492054850328714,1827.2969731495048,1905.187844991684,1932.4550891704857,27.26724417880177,done,
90,12.971584930783136,1851.9901754893633,1930.4623560905454,1947.5648569799957,17.10250088945031,done,
91,27.124821039615195,1876.6833778292214,1955.787710905075,1985.4207139592618,29.633003054186698,done,
92,13.679553969996052,1901.37658016908,1981.3338370323181,2000.9983539376408,19.664516905322667,done,
93,48.33959122071974,1926.0697825089374,2006.297060966492,2057.883235838264,51.58617487177253,done,
94,39.72514371038415,1950.7629848487961,2032.120530128479,2099.6186790131032,67.49814888462424,done,
95,18.078747480176393,1975.4561871886544,2056.9949848651886,2119.5692687835544,62.57428391836584,done,
96,7.904943160247058,2008.3804569751321,2090.173938035965,2129.438649121672,39.26471108570695,done,
97,16.2799761001952,2041.3047267616091,2123.8658120632167,2147.5822161659594,23.716404102742672,done,
98,21.91349619999528,2074.228996548087,2157.8590550422673,2182.5091069992636,24.650051956996318,done,
99,28.71578163001686,2093.983558419973,2178.515120029449,2213.2007070742543,34.68558704480529,done,
100,38.709095430094756,2113.73812029186,2198.730761051178,2253.8160929512233,55.08533190004528,done,
101,19.120022349525247,2133.492682163747,2219.4543631076813,2274.786376979202,55.332013871520765,done,
102,28.945092801004648,2153.247244035633,2240.342024087906,2305.623526059091,65.28150197118522,done,
103,18.869960949523367,2173.00180590752,2261.0511000156407,2326.2223909031604,65.17129088751973,done,
104,14.744086309801785,2192.756367779406,2281.09157705307,2343.383978964761,62.292401911690824,done,
105,26.162394239800054,2212.510929651293,2301.9627559185033,2371.0911579616372,69.12840204313397,done,
106,20.664207510417327,2232.265491523179,2321.9231941699977,2393.6344242617483,71.71123009175062,done,
107,19.606350349495187,2252.020053395066,2342.5098359584813,2415.2223228011285,72.7124868426472,done,
108,19.21125386026688,2271.7746152669524,2362.6835021972656,2436.346749247983,73.66324705071747,done,
109,6.401301409350707,2291.5291771388393,2383.3894338607793,2444.6590689625596,61.269635101780295,done,
110,13.342152809491381,2311.283739010725,2403.9474411010738,2459.906008055433,55.95856695435941,done,
111,7.4895901198033235,2331.038300882612,2425.5360369682307,2469.1875269748266,43.65149000659585,done,
112,21.185678610345352,2350.792862754499,2445.9241180419917,2492.5279699936505,46.60385195165873,done,
113,13.225252359407024,2370.547424626385,2466.220636844635,2492.701667819172,26.481030974537134,done,
114,20.92212727991864,2390.301986498272,2486.482442855835,2515.289563719183,28.807120863348246,done,
115,31.64453953970224,2410.0565483701585,2506.996799230576,2549.0864112209533,42.089611990377314,done,
116,39.42481799982488,2429.811110242045,2527.5957329273224,2590.144455999136,62.548723071813576,done,
117,25.191525960108265,2449.5656721139317,2548.4779469966893,2617.2681040894245,68.79015709273517,done,
118,18.827962600626048,2469.320233985818,2569.339627027512,2637.9851411096756,68.64551408216357,done,
119,25.35270296037197,2483.43063532288,2583.8851420879364,,,error,ValueError
120,20.733501369832087,2497.5410366599413,2598.449443101883,,,error,ValueError
121,40.822894560406,2511.6514379970035,2613.237937927246,,,error,ValueError
122,9.564879289828239,2525.761839334065,2627.570574045181,,,error,ValueError
123,54.233867559814826,2539.872240671127,2642.237823009491,,,error,ValueError
124,41.86407789005897,2553.982642008189,2657.0963699817653,,,error,ValueError
125,25.128550380468372,2568.0930433452504,2672.197338104248,,,error,ValueError
126,23.31918266019784,2587.8476052171372,2692.3636009693146,,,error,ValueError
127,11.021627370500937,2607.602167089024,2713.743578910828,2787.150155788288,73.40657687745987,done,
128,21.32932170992717,2627.35672896091,2734.2959990501404,,,error,ValueError
129,28.858025079825893,2647.111290832797,2754.696372032165,,,error,ValueError
130,8.624476140830666,2666.8658527046828,2774.8015229702,,,error,ValueError
131,26.267118599498644,2683.327987597922,2792.404303073883,,,error,ValueError
132,26.26042534015141,2699.7901224911607,2809.2565610408783,,,error,ValueError
133,25.8836563793011,2716.2522573844,2826.131237983704,,,error,ValueError
134,29.991992139257487,2732.7143922776386,2843.065698862076,,,error,ValueError
135,11.854973980225624,2749.176527170877,2861.176301240921,,,error,ValueError
136,16.972757140174508,2765.638662064116,2878.8527648448944,,,error,ValueError
137,22.60249792947434,2785.3932239360024,2899.4772610664368,,,error,ValueError
138,27.57839982979931,2805.147785807889,2920.202050924301,,,error,ValueError
139,11.790921400533989,2824.902347679776,2940.3819332122803,,,error,ValueError
140,18.664453820092607,2844.6569095516625,2960.2791640758514,,,error,ValueError
141,35.8408556797076,2864.4114714235493,2980.9571599960327,,,error,ValueError
142,21.793437550077208,2889.104673763407,3006.3639509677887,,,error,ValueError
143,14.868908859789373,2913.7978761032646,3031.854062795639,3101.4592070020735,69.60514420643449,done,
144,6.891029599355535,2938.491078443123,3057.295706033707,3110.395289169625,53.09958313591778,done,
145,33.50908430060373,2963.1842807829807,3082.379547119141,3145.7621841076766,63.38263698853553,done,
146,13.685004319995642,2996.108550569459,3115.708032846451,3161.3058808632195,45.597848016768694,done,
147,13.023256489541383,3029.032820355937,3149.0204548835754,3176.300200903788,27.27974602021277,done,
148,29.194492059759803,3061.957090142414,3182.5741810798645,3214.052900167182,31.478719087317582,done,
149,32.909147300524644,3094.8813599288915,3216.37423992157,3252.072675889358,35.6984359677881,done,
150,45.39451705059036,3127.8056297153694,3250.213340997696,3300.2437850479037,50.03044405020773,done,
151,20.832084170542657,3160.729899501847,3283.3657550811768,3322.8906972520053,39.52494217082858,done,
152,37.97500351094641,3185.423101841705,3308.5186700820923,3362.7211980540305,54.20252797193825,done,
153,32.04447210067883,3210.116304181564,3334.162575006485,3396.6565421316773,62.493967125192285,done,
154,13.39853066019714,3234.8095065214216,3359.708281993866,3412.7165810819715,53.00829908810557,done,
155,16.77743522915989,3259.50270886128,3385.0267930030823,3431.5014379173517,46.474644914269454,done,
156,61.537771229632206,3292.426978647757,3419.0188479423523,3494.9882080126554,75.96936007030308,done,
157,37.54546907031909,3325.351248434235,3452.812621116638,,,error,ValueError
158,13.54584210086614,3358.2755182207125,3486.6812648773193,3549.7301258668303,63.04886098951101,done,
159,35.28642370947637,3374.7376531139507,3505.274964094162,,,error,ValueError
160,30.97170258057304,3391.19978800719,3521.966724872589,,,error,ValueError
161,25.842392829945307,3407.661922900429,3539.1338999271393,,,error,ValueError
162,14.463073570514098,3424.124057793668,3556.0101141929626,,,error,ValueError
163,8.484043770004064,3440.586192686906,3572.8838131427765,3646.7361221686006,73.85230902582407,done,
164,16.242438310291618,3457.0483275801453,3591.460750102997,3664.9389151856303,73.4781650826335,done,
165,25.545910450164232,3481.741529920003,3616.5234990119934,,,error,ValueError
166,32.872541170800105,3506.434732259861,3642.552164077759,,,error,ValueError
167,22.6418147503864,3531.127934599719,3668.254317045212,,,error,ValueError
168,33.176120260031894,3555.8211369395776,3693.728366136551,,,error,ValueError
169,19.0168932499364,3580.514339279436,3718.8476870059967,,,error,ValueError
170,35.13480957015417,3605.207541619294,3744.628133058548,,,error,ValueError
171,19.89496537018568,3629.9007439591524,3770.053223133087,,,error,ValueError
172,26.040737309958786,3654.5939462990095,3795.0347459316254,,,error,ValueError
173,19.616181430174038,3679.287148638869,3820.829439163208,,,error,ValueError
174,11.192954890429974,3703.9803509787266,3846.112469911575,,,error,ValueError
175,14.318028719862927,3728.673553318585,3871.103492021561,3945.48806703277,74.38457501120865,done,
176,35.763870079536,3753.366755658443,3896.990655899048,,,error,ValueError
177,44.35085525037721,3778.059957998301,3922.213832855225,,,error,ValueError
178,11.869050191016868,3802.75316033816,3947.780421972275,,,error,ValueError
179,43.15500083030202,3827.4463626780175,3972.722414016724,,,error,ValueError
180,9.232260780408977,3852.139565017876,3997.8395709991455,,,error,ValueError
181,40.97730709938333,3858.724418975171,4004.9395730495453,,,error,ValueError
182,15.085235449951144,3865.3092729324662,4011.795827865601,,,error,ValueError
183,23.860037709819164,3871.894126889762,4018.7249970436096,,,error,ValueError
184,38.4768494090531,3878.4789808470573,4026.266052007675,,,error,ValueError
185,24.87818278023041,3885.063834804353,4033.789787054062,,,error,ValueError
186,22.845714389113713,3891.6486887616493,4040.710855007172,,,error,ValueError
187,10.201308409450576,3898.233542718944,4048.0265300273895,,,error,ValueError
188,26.251735769910734,3904.8183966762394,4055.366230964661,,,error,ValueError
189,22.96335140010342,3911.403250633535,4063.09446310997,,,error,ValueError
190,20.965828440384943,3917.9881045908314,4070.2729680538177,,,error,ValueError
191,9.862106159562245,3924.5729585481263,4077.2605249881744,,,error,ValueError
192,14.958151570754126,3931.1578125054216,4084.2480130195618,,,error,ValueError
193,27.227965350029987,3937.7426664627174,4091.006208896637,,,error,ValueError
194,12.135856410022823,3944.3275204200127,4097.895358085631,,,error,ValueError
195,20.879936000565067,3950.912374377309,4105.163890123366,,,error,ValueError
196,47.27030790993013,3970.666936249195,4125.9000639915475,,,error,ValueError
197,12.222688669571653,3990.4214981210816,4145.815384864807,,,error,ValueError
198,12.945855599828064,4010.176059992968,4166.3748581409445,,,error,ValueError
199,16.98194090044126,4029.930621864855,4187.173541069031,4263.099460063502,75.92591899447143,done,
200,17.08678628085181,4049.685183736741,4207.863898038864,4281.927339056507,74.06344101764263,done,
201,52.71478177048265,4069.439745608628,4228.057818174362,,,error,ValueError
202,20.646820570109405,4089.194307480514,4248.637267112732,,,error,ValueError
203,20.16895147971809,4108.948869352401,4269.379726886749,,,error,ValueError
204,19.86746917944401,4128.703431224287,4290.177920103073,,,error,ValueError
205,21.394951139809567,4148.457993096174,4310.501466989517,,,error,ValueError
206,24.66531882993877,4173.151195436032,4335.974817991257,,,error,ValueError
207,17.489005120005462,4197.844397775891,4361.4674451351175,,,error,ValueError
208,38.600867700297385,4222.537600115748,4386.8069779872885,,,error,ValueError
209,10.575111219659448,4247.230802455607,4412.407021999359,,,error,ValueError
210,11.721800110535696,4261.341203792668,4427.265987157823,,,error,ValueError
211,7.813887210795657,4275.4516051297305,4441.896569967271,4514.0823778286585,72.18580786138773,done,
212,5.4836495604831725,4289.562006466792,4456.403042078018,4521.530263014138,65.12722093611957,done,
213,17.561931539094072,4303.672407803854,4471.148164987564,4540.97673394531,69.82856895774603,done,
214,28.76024028053507,4317.7828091409165,4485.841186046599,,,error,ValueError
215,20.845721419900656,4331.893210477978,4500.5991599559775,,,error,ValueError
216,38.87151266913861,4346.003611815039,4515.289597034453,,,error,ValueError
217,20.26183094945736,4365.758173686926,4535.839991092682,,,error,ValueError
218,16.900077920872718,4385.512735558813,4556.311114072801,,,error,ValueError
219,12.367140050046144,4405.267297430699,4576.944480895996,4649.4434608742595,72.49897997826338,done,
220,41.66971548926085,4425.021859302586,4597.4668679237375,,,error,ValueError
221,18.726756109390408,4444.776421174473,4618.300891160965,,,error,ValueError
222,26.707105529494587,4464.530983046359,4638.707201004027,,,error,ValueError
223,43.219847420696176,4484.285544918245,4659.7570350170145,,,error,ValueError
224,11.368002959061416,4504.040106790132,4679.885444164276,4755.529829001054,75.64438483677803,done,
225,6.235686748987063,4523.794668662018,4700.711993217468,4763.643380204216,62.93138698674737,done,
226,55.369852529838674,4543.549230533905,4721.112786054611,,,error,ValueError
227,12.133978980127724,4568.2424328737625,4746.186360120772,,,error,ValueError
228,19.60095665999688,4592.935635213621,4771.954514026642,,,error,ValueError
229,25.099724889732894,4617.628837553479,4796.852087020874,,,error,ValueError
230,34.40240988973528,4642.322039893337,4821.965402126312,,,error,ValueError
231,30.08533424930647,4667.015242233196,4847.1039991378775,,,error,ValueError
232,30.698840399272736,4691.708444573054,4872.486904144287,,,error,ValueError
233,31.16788046085276,4716.401646912912,4897.5391771793375,,,error,ValueError
234,15.6998256908264,4741.09484925277,4922.589423894882,,,error,ValueError
235,13.813787349499762,4757.556984146009,4939.626623868942,,,error,ValueError
236,20.21911891992204,4774.019119039248,4957.020226955414,,,error,ValueError
237,14.693617590237407,4790.481253932488,4973.689637899399,,,error,ValueError
238,51.32723939022981,4806.943388825725,4991.227745056151,,,error,ValueError
239,28.550251519773155,4823.405523718964,5009.046196937561,,,error,ValueError
240,5.461866050027312,4839.867658612203,5026.093873023987,,,error,ValueError
241,15.677673660684375,4864.560860952061,5051.846731185913,5127.733888301998,75.88715711608528,done,
242,12.27220656001009,4889.254063291919,5077.664613008499,5142.147751042619,64.48313803412019,done,
243,14.981512689264493,4913.947265631778,5102.419427871704,5159.0023118034005,56.582883931696415,done,
244,19.567297359462827,4938.640467971636,5127.896341085434,5180.511778276414,52.61543719097972,done,
245,27.222215000074357,4958.395029843523,5148.394144058228,5209.608463954181,61.21431989595294,done,
246,18.67109891027212,4978.149591715409,5169.30659890175,5230.236592069269,60.92999316751957,done,
247,59.020407090429224,4997.904153587296,5190.8182990551,,,error,ValueError
248,46.47121064015664,5017.6587154591825,5210.87442088127,,,error,ValueError
249,51.886363809462644,5037.4132773310685,5231.506181001663,,,error,ValueError
250,19.713378810556602,5051.52367866813,5246.059377908708,,,error,ValueError
251,27.00465030036867,5065.634080005192,5260.950052022934,,,error,ValueError
252,15.924319479381664,5079.744481342254,5275.276820898056,,,error,ValueError
253,37.75187718099915,5093.854882679316,5289.988979101181,,,error,ValueError
254,17.709148050053038,5107.965284016377,5304.828947067261,,,error,ValueError
255,17.18952276976779,5122.0756853534385,5319.629804134369,,,error,ValueError
256,27.678024530177932,5136.186086690501,5334.293560981751,,,error,ValueError
257,16.48536175955087,5160.879289030358,5359.733526945114,,,error,ValueError
258,29.50167839997448,5185.572491370218,5385.052526950836,,,error,ValueError
259,46.51827979017982,5210.265693710076,5410.0791680812845,,,error,ValueError
260,17.12124592973851,5234.958896049934,5435.238159179688,,,error,ValueError
261,28.77596224891022,5254.713457921821,5455.3943650722495,,,error,ValueError
262,21.743933659745377,5274.468019793707,5476.3171570301065,,,error,ValueError
263,26.22018293011934,5294.222581665594,5496.675344944,,,error,ValueError
264,12.869929010048509,5313.97714353748,5516.645910978316,,,error,ValueError
265,58.17222475074232,5333.7317054093655,5536.855825185777,,,error,ValueError
266,21.646625339053568,5366.655975195844,5571.756594896317,,,error,ValueError
267,23.815088679548364,5399.580244982321,5605.064268112183,,,error,ValueError
268,13.9432439499069,5432.504514768799,5638.3030059337625,5705.61893690005,67.31593096628785,done,
269,24.85501104965806,5452.259076640686,5659.210922002791,5732.362435005604,73.15151300281286,done,
270,37.67357256030664,5472.013638512573,5680.023083925246,,,error,ValueError
271,9.24047042033635,5491.768200384458,5700.38211107254,,,error,ValueError
272,16.0678822605405,5511.522762256345,5720.926707983018,,,error,ValueError
273,14.593303840374574,5531.277324128232,5742.672518014909,5817.5366279929885,74.86410997807981,done,
274,35.22901145974174,5555.970526468091,5767.582802057265,,,error,ValueError
275,25.07539483951405,5580.663728807948,5793.0138981342325,,,error,ValueError
276,28.122832690132785,5605.356931147807,5818.803214073181,,,error,ValueError
277,37.42370367050171,5630.0501334876635,5843.885589122772,,,error,ValueError
278,23.44769130926579,5649.80469535955,5864.576714992523,,,error,ValueError
279,36.67640105006285,5669.559257231438,5885.459347963332,,,error,ValueError
280,33.06405984912999,5689.313819103324,5906.0223128795615,,,error,ValueError
281,35.903535899706185,5709.068380975211,5926.1672739982605,,,error,ValueError
282,12.694468529662116,5728.822942847099,5947.047113180161,,,error,ValueError
283,9.948383710579947,5748.577504718985,5967.743407011031,6039.071134997531,71.32772798649968,done,
284,16.421410370385274,5768.33206659087,5988.471969127655,6057.359904147685,68.88793502002954,done,
285,23.85799776995555,5788.086628462757,6008.6257989406595,6083.072811912746,74.44701297208668,done,
286,22.66996797989123,5807.841190334643,6029.53147983551,,,error,ValueError
287,18.89766203938052,5827.595752206529,6050.384150981903,,,error,ValueError
288,43.10025107930415,5852.288954546388,6076.666482210158,,,error,ValueError
289,30.713938000844788,5876.982156886246,6102.383720159532,,,error,ValueError
290,14.949908340349793,5901.675359226105,6127.765717983246,,,error,ValueError
291,23.424641148885712,5926.3685615659615,6152.982678174973,,,error,ValueError
292,18.009086489910263,5946.123123437849,6173.840795993805,,,error,ValueError
293,36.42850532080047,5965.877685309736,6193.854454040527,,,error,ValueError
294,31.788628109497946,5985.632247181622,6213.866086959839,,,error,ValueError
295,33.54554674006067,6005.38680905351,6234.364309072495,,,error,ValueError
296,34.90069654071704,6025.141370925396,6255.284795999528,,,error,ValueError
297,27.04119244008325,6044.895932797282,6276.203187942505,,,error,ValueError
298,16.250863949535418,6064.6504946691675,6296.3892159461975,,,error,ValueError
299,41.38922246056609,6084.405056541054,6316.823323011397,,,error,ValueError
300,22.75348240975291,6104.15961841294,6337.7157330513,,,error,ValueError
301,32.425584220327444,6123.914180284828,6357.709904909135,,,error,ValueError
302,21.43426515045576,6148.6073826246875,6382.826084136963,,,error,ValueError
303,4.706438629655168,6173.300584964545,6408.278202056885,,,error,ValueError
304,13.472752759698777,6197.993787304403,6433.938520193101,6501.324503380806,67.38598318770528,done,
305,23.81791200023145,6222.686989644261,6459.067479133606,6527.064161267132,67.99668213352561,done,
306,26.964430370135247,6247.380191984119,6484.662843942641,6556.166434036567,71.5035900939256,done,
307,46.16484074969776,6272.073394323978,6509.579901933671,,,error,ValueError
308,7.0116095209959886,6296.766596663835,6535.369148969649,,,error,ValueError
309,27.73320283973589,6321.459799003694,6560.405915975572,,,error,ValueError
310,13.655870020156724,6354.384068790171,6593.695011138916,6658.2414951734245,64.54648403450848,done,
311,30.332407250534743,6387.3083385766495,6626.789736032487,6690.280487930403,63.4907518979162,done,
312,4.897522430401296,6420.232608363126,6660.443195819855,6697.198551826179,36.755356006324284,done,
313,18.86017990997061,6444.925810702985,6686.084307193756,6717.984802018851,31.90049482509494,done,
314,6.321362149901687,6469.619013042842,6711.457643985748,6726.104639099911,14.646995114162564,done,
315,22.874718320090324,6494.312215382702,6736.4918282032,6761.814808217808,25.32298001460731,done,
316,10.731259420281276,6519.005417722558,6761.972372055054,6775.576416037977,13.604043982923029,done,
317,23.65571222966537,6535.467552615798,6778.8147819042215,6804.849173855037,26.03439195081592,done,
318,8.586126849986613,6551.929687509037,6795.624225854875,6815.159326873721,19.535101018846035,done,
319,13.37325225933455,6568.3918224022755,6813.123710155487,6831.0791232436895,17.955413088202477,done,
320,16.722082030028105,6584.853957295514,6830.454875230788,6850.565195297821,20.110320067033168,done,
321,24.900080770021304,6601.316092188752,6847.433197021484,6877.337048005313,29.903850983828306,done,
322,22.139024699572477,6617.778227081993,6864.935963869096,6901.248241065071,36.312277195975184,done,
323,56.078208710532635,6637.532788953879,6885.636169195174,6959.349911391734,73.7137421965599,done,
324,10.294521700125188,6657.287350825765,6906.49107503891,6971.5058499500155,65.01477491110562,done,
325,9.220170199405402,6677.041912697651,6927.093222141266,6982.71340421401,55.620182072743766,done,
326,9.790498279035091,6696.796474569539,6947.976623058319,6994.199765941128,46.223142882809036,done,
327,11.48638370912522,6716.551036441425,6969.663766145705,7007.816242219879,38.15247607417405,done,
328,13.309792069485411,6733.013171334665,6987.010365009308,,,error,ValueError
329,60.4982013697736,6749.4753062279015,7004.486521959306,7070.218784056605,65.7322620972991,done,
330,47.1681117103435,6765.937441121141,7022.039434909821,,,error,ValueError
331,11.192235900089145,6782.39957601438,7039.667289018632,,,error,ValueError
332,22.696768890600648,6798.8617109076185,7056.522619009019,,,error,ValueError
333,9.922724480275065,6815.323845800857,7073.502129077911,,,error,ValueError
334,12.796435080235824,6831.785980694095,7091.044147014618,,,error,ValueError
335,22.115152110345658,6848.248115587336,7108.2333228588095,,,error,ValueError
336,39.44424549001269,6864.7102504805725,7126.122036218642,,,error,ValueError
337,23.37758798967116,6881.172385373812,7142.8540959358215,,,error,ValueError
338,21.722372940275818,6897.634520267051,7159.699229002,,,error,ValueError
339,17.236486510373652,6914.09665516029,7177.4562208652505,,,error,ValueError
340,8.662811110261828,6928.207056497352,7192.721318006516,,,error,ValueError
341,18.8306190201547,6942.317457834413,7207.159136056899,,,error,ValueError
342,68.43582134926692,6956.427859171476,7222.255355119704,,,error,ValueError
343,29.192878059111532,6970.538260508538,7237.147216081618,,,error,ValueError
344,25.59519240981899,6984.648661845599,7251.691543102264,,,error,ValueError
345,9.995053119491788,6998.7590631826615,7267.510138988495,,,error,ValueError
346,20.758600749541074,7012.869464519723,7282.879649877547,,,error,ValueError
347,17.157182060182098,7037.562666859581,7308.364104986192,7379.862248007209,71.49814302101731,done,
348,25.39547287044116,7062.255869199438,7334.165922880174,7406.990575885401,72.82465300522745,done,
349,22.020523180253807,7086.949071539297,7359.196475028992,7431.086292045191,71.88981701619923,done,
350,18.843974559567872,7111.642273879155,7384.176252126695,7452.031853092835,67.85560096614063,done,
351,7.009335110196845,7131.396835751042,7405.097577095032,7460.954384019598,55.856806924566634,done,
352,11.361056939931586,7151.151397622928,7426.2893998622885,7474.139024978503,47.84962511621416,done,
353,21.432766830548644,7170.905959494815,7446.393642902374,7497.4693419430405,51.07569904066622,done,
354,24.11361155100167,7190.660521366702,7467.262377023698,7523.538165951149,56.27578892745077,done,
355,25.74140560929664,7210.4150832385885,7488.398956060409,7551.209656214341,62.810700153931975,done,
356,15.337429170031099,7235.108285578446,7513.782699108124,7568.28191595152,54.499216843396425,done,
357,16.477070329710838,7259.801487918305,7538.858020067216,7586.787335196511,47.92931512929499,done,
358,61.93717651069164,7284.494690258163,7565.5193140506735,,,error,ValueError
359,7.0176635205280045,7309.187892598021,7591.144501209259,7659.404138080776,68.2596368715167,done,
360,18.24594349018298,7325.65002749126,7608.026371002197,7679.878472946584,71.85210194438696,done,
361,17.446023049997166,7342.112162384498,7624.754240036011,7699.043132130057,74.28889209404588,done,
362,21.393403289839625,7358.574297277737,7641.814976215363,,,error,ValueError
363,13.019073989707975,7375.036432170977,7658.648167133331,,,error,ValueError
364,6.911790389567614,7391.498567064214,7675.698008060455,7746.224927155301,70.52691909484565,done,
365,37.51263796002604,7407.960701957452,7694.175560235976,,,error,ValueError
366,51.98191264062189,7417.837982893398,7704.336529970168,,,error,ValueError
367,21.24268632032909,7427.715263829341,7715.021665096283,,,error,ValueError
368,27.314348220825195,7437.5925447652835,7725.154000043868,,,error,ValueError
369,7.930343939224257,7447.469825701227,7735.9053461551675,,,error,ValueError
370,10.795100390678272,7457.347106637169,7746.384516000749,,,error,ValueError
371,28.093326459638767,7467.224387573113,7757.093118190765,,,error,ValueError
372,20.547132359351963,7477.101668509056,7767.642479896545,,,error,ValueError
373,36.26035947934725,7486.978949445,7778.384745836259,,,error,ValueError
374,24.06307085999288,7496.856230380944,7788.459182024001,,,error,ValueError
375,23.438088069669906,7506.733511316886,7799.446244239807,,,error,ValueError
376,17.37134050927125,7526.488073188773,7819.968910932542,,,error,ValueError
377,8.571531149791554,7546.242635060659,7840.121415138245,,,error,ValueError
378,18.54826927068644,7565.997196932546,7860.755550146104,,,error,ValueError
379,9.858543780865148,7585.751758804432,7880.779683828355,7949.1718118134895,68.39212798513472,done,
380,9.519995528971776,7605.50632067632,7901.117618083954,7960.644554933533,59.52693684957922,done,
381,23.295493550831452,7630.1995230161765,7926.390033006667,7985.730560986324,59.34052797965706,done,
382,24.37948795035481,7654.892725356035,7951.481418132782,8011.990893080831,60.509474948048585,done,
383,21.80190526996739,7679.585927695894,7976.8905131816855,8035.6543552801,58.763842098414905,done,
384,19.38760088989511,7704.27913003575,8002.046991109847,8056.913368141278,54.866377031430595,done,
385,11.534919290570542,7728.972332375609,8027.302085161208,8070.177489165216,42.875404004007585,done,
386,38.13203439000063,7753.665534715467,8052.9585609436035,8110.527545049787,57.568984106183045,done,
387,16.565350349992517,7778.358737055326,8078.468019962311,8129.000139078125,50.532119115814574,done,
388,25.030649109976373,7803.0519393951845,8103.3550469875345,8156.086142800749,52.731095813214786,done,
389,15.872411839663982,7822.806501267071,8124.833851099013,8173.660427076741,48.82657597772777,done,
390,16.211891990387812,7842.561063138957,8145.310631990434,8191.735409935937,46.424777945503585,done,
391,23.26887525967323,7862.315625010843,8166.390986919403,8216.962287008762,50.571300089359276,done,
392,45.98492400022224,7882.070186882729,8187.967500925063,8264.731314774603,76.76381384953856,done,
393,18.628221780527387,7901.824748754617,8208.046950101852,,,error,ValueError
394,17.473584730178118,7915.935150091678,8223.27363395691,,,error,ValueError
395,6.900337879778818,7930.045551428739,8237.946400165558,,,error,ValueError
396,19.748285489622504,7944.155952765803,8252.475780963898,,,error,ValueError
397,7.7598798798862845,7958.266354102864,8266.972476005554,,,error,ValueError
398,49.98326853965409,7972.376755439926,8281.488028049469,,,error,ValueError
399,24.37860323931091,7986.487156776989,8296.62091422081,,,error,ValueError
400,14.646178869297726,8000.59755811405,8311.46360707283,,,error,ValueError
401,23.73787616030313,8020.352119985938,8331.942342996597,,,error,ValueError
402,14.192674660589544,8040.106681857824,8353.104064941406,,,error,ValueError
403,32.681747659808025,8059.86124372971,8372.960717916489,,,error,ValueError
404,12.053609250579028,8079.615805601596,8393.794880151749,,,error,ValueError
405,25.99442073027604,8099.370367473482,8414.392487049103,,,error,ValueError
406,17.98256790963933,8124.063569813341,8439.272529125214,,,error,ValueError
407,5.962922669714318,8148.7567721532,8464.385145902634,8529.132355796173,64.74720989353955,done,
408,30.576577889733013,8173.449974493055,8490.050771951675,8561.74936096929,71.69858901761472,done,
409,15.715468570124356,8198.143176832915,8515.088447093964,8579.14561820589,64.05717111192644,done,
410,19.699294921010736,8217.897738704802,8535.439162969591,8600.796443864705,65.35728089511395,done,
411,22.122359490022067,8237.65230057669,8556.346939086914,8625.070117089897,68.72317800298332,done,
412,14.49394709081389,8257.406862448574,8576.992877006529,8641.40296000242,64.41008299589157,done,
413,73.07085201027803,8277.161424320459,8598.439064979553,,,error,ValueError
414,26.6960529203061,8296.915986192347,8620.092684030533,,,error,ValueError
415,11.935417030472307,8313.378121085587,8637.374539852142,,,error,ValueError
416,61.48925559013151,8329.840255978825,8655.714083909988,,,error,ValueError
417,25.608284309273586,8346.302390872064,8672.583452939987,,,error,ValueError
418,36.023793460335575,8362.764525765304,8689.647402048111,,,error,ValueError
419,27.399784720037125,8379.226660658542,8706.592340230942,,,error,ValueError
420,27.36805082997307,8395.688795551781,8723.578485012054,,,error,ValueError
421,10.643537950236349,8415.443357423668,8744.192085981369,,,error,ValueError
422,10.655661799246444,8435.197919295555,8765.006692886353,8834.310258777812,69.30356589145957,done,
423,15.62547137029469,8454.95248116744,8785.01776599884,8851.681581871584,66.66381587274373,done,
424,18.767541570123285,8474.707043039327,8805.024718999863,8872.407348960638,67.38262996077538,done,
425,28.88905276078731,8494.461604911214,8825.594669103622,,,error,ValueError
426,10.559704980114477,8508.572006248276,8840.603795051575,8915.71954606101,75.11575100943446,done,
427,16.180034290300682,8522.682407585336,8854.97924399376,,,error,ValueError
428,10.983076939592138,8536.792808922399,8869.838350057602,,,error,ValueError
429,14.88399941008538,8550.903210259461,8884.648285865784,,,error,ValueError
430,27.62544807046652,8565.013611596523,8899.539239168167,,,error,ValueError
431,36.798265830148004,8579.124012933584,8913.817817926407,,,error,ValueError
432,22.471976589877162,8593.234414270646,8930.030532121658,,,error,ValueError
433,24.386720120674,8617.927616610505,8956.401981115341,,,error,ValueError
434,17.296031239675358,8642.620818950363,8981.868137836456,,,error,ValueError
435,16.57849639072083,8667.31402129022,9007.360346078873,9081.356109980494,73.9957639016211,done,
436,40.493888038909056,8692.007223630078,9032.89899802208,,,error,ValueError
437,10.752888970309868,8711.761785501965,9053.57028913498,,,error,ValueError
438,28.498479609843343,8731.516347373852,9074.279993057253,,,error,ValueError
439,18.561452330322933,8751.270909245737,9095.610172986984,,,error,ValueError
440,24.61515650036745,8771.025471117624,9116.247591018675,,,error,ValueError
441,9.09544555004686,8790.780032989509,9136.474756002426,,,error,ValueError
442,43.32901787944139,8810.534594861398,9157.228529930117,,,error,ValueError
443,17.70542885991745,8830.289156733284,9178.023930072784,,,error,ValueError
444,42.870508579071604,8850.043718605171,9198.7047188282,,,error,ValueError
445,83.72784466948359,8869.798280477058,9218.944175958632,,,error,ValueError
446,42.17414850951173,8889.552842348945,9239.221069097519,,,error,ValueError
447,26.05326146003791,8906.014977242183,9255.94691324234,,,error,ValueError
448,15.08875974919647,8922.477112135422,9273.514771938324,,,error,ValueError
449,10.725716720335186,8938.939247028662,9290.94713807106,,,error,ValueError
450,19.68434091075323,8955.4013819219,9309.390955924988,,,error,ValueError
451,16.716063759522513,8971.863516815138,9326.520277023315,,,error,ValueError
452,23.39650420006365,8988.325651708377,9344.143590927124,,,error,ValueError
453,19.063939820043746,9002.436053045441,9359.4742000103,,,error,ValueError
454,24.751706189708788,9016.5464543825,9374.425357103348,,,error,ValueError
455,30.83825970068574,9030.656855719562,9389.590719223022,,,error,ValueError
456,16.279647150076926,9044.767257056623,9404.548930168152,,,error,ValueError
457,17.315654839621857,9058.877658393687,9419.102337121964,,,error,ValueError
458,38.911486570723355,9072.988059730747,9434.30178284645,,,error,ValueError
459,10.954678689595314,9087.09846106781,9449.729123115541,,,error,ValueError
460,48.207387370057404,9106.853022939697,9469.621325016022,,,error,ValueError
461,21.082056509330872,9126.607584811585,9490.721795082092,,,error,ValueError
462,25.29135068994947,9146.362146683468,9511.5646879673,,,error,ValueError
463,41.30154374986886,9166.116708555357,9531.980705976486,,,error,ValueError
464,28.852265420136966,9185.871270427242,9552.770308971403,,,error,ValueError
465,21.92439925973304,9205.625832299129,9573.031067848206,,,error,ValueError
466,6.297121640527622,9225.380394171016,9593.698518037796,,,error,ValueError
467,10.837168589932844,9245.1349560429,9614.462558031082,9687.340569999069,72.87801196798682,done,
468,6.599642459768803,9264.889517914788,9634.880113124847,9696.14367204532,61.26355892047286,done,
469,10.541246150387453,9284.644079786674,9655.305071115494,9708.550063973293,53.24499285779893,done,
470,30.685690260725092,9298.754481123737,9669.804908037186,9741.303540002555,71.49863196536899,done,
471,20.299959349213168,9312.864882460799,9684.367604017258,,,error,ValueError
472,16.941097509115934,9326.97528379786,9699.401803016664,,,error,ValueError
473,33.668067710241296,9341.085685134922,9713.826001882553,,,error,ValueError
474,14.235867509851232,9355.196086471984,9728.401268959044,,,error,ValueError
475,7.761189979501069,9369.306487809046,9743.519000053406,,,error,ValueError
476,25.067234180169184,9383.416889146109,9758.339552164078,,,error,ValueError
477,15.95401702914387,9399.879024039346,9775.753340005876,,,error,ValueError
478,20.391240590251986,9416.341158932586,9792.880425930025,,,error,ValueError
479,25.657165700104088,9432.803293825826,9809.797147989273,,,error,ValueError
480,18.27638625050895,9449.265428719063,9826.8158390522,,,error,ValueError
481,18.210509360069413,9465.7275636123,9844.45137500763,,,error,ValueError
482,15.84818136994727,9482.18969850554,9862.16771888733,,,error,ValueError
483,29.42130770068616,9506.8829008454,9887.972540140152,,,error,ValueError
484,20.51600467995741,9531.576103185256,9913.19711303711,,,error,ValueError
485,6.955261159455403,9556.269305525117,9938.183104991911,10004.946515802292,66.76341081038117,done,
486,32.213876040186726,9580.962507864971,9964.056302070618,10039.12044011429,75.06413804367185,done,
487,29.91447612061165,9605.655710204832,9989.224233150482,,,error,ValueError
488,9.855875500943512,9630.34891254469,10015.236136198044,10082.801823198795,67.56568700075151,done,
489,13.060788970906286,9655.042114884549,10040.44394683838,10097.621326798575,57.17737996019423,done,
490,29.204096099128947,9679.735317224406,10065.556912183762,10128.85043021664,63.29351803287863,done,
491,5.4980010993313035,9696.197452117643,10082.953519105911,10136.044090997428,53.09057189151645,done,
492,33.88935819035396,9712.659587010883,10099.808429956436,10172.149008030072,72.3405780736357,done,
493,21.364224809221927,9729.12172190412,10117.365883111954,,,error,ValueError
494,19.795171050354842,9745.583856797359,10134.065676212309,,,error,ValueError
495,60.451092959847294,9762.0459916906,10151.32804608345,,,error,ValueError
496,24.1235688503366,9778.508126583838,10168.203561067581,,,error,ValueError
497,11.830653329379857,9798.262688455723,10188.407189130783,,,error,ValueError
498,31.871263859793547,9818.017250327612,10208.694767951964,,,error,ValueError
499,22.35351194976829,9837.7718121995,10228.566157102585,,,error,ValueError
500,17.224252379965037,9857.526374071384,10248.649098157885,,,error,ValueError
501,20.195852000033483,9877.280935943272,10268.859292030334,,,error,ValueError
502,32.61730844969861,9891.391337280334,10283.705894947052,,,error,ValueError
503,41.23474876047111,9905.501738617397,10299.01855492592,,,error,ValueError
504,15.989588990341874,9919.612139954455,10314.622664928436,,,error,ValueError
505,26.184482349781323,9933.72254129152,10329.074381828308,,,error,ValueError
506,38.82056557107717,9947.832942628582,10343.873771905899,,,error,ValueError
507,29.441687220241874,9961.943343965642,10359.196348905563,,,error,ValueError
508,21.175067010335624,9976.053745302705,10374.078223228456,,,error,ValueError
509,27.764764339663092,9992.515880195944,10391.562272071838,,,error,ValueError
510,20.875998300034567,10008.978015089182,10408.391133069992,,,error,ValueError
511,21.377870040014386,10025.44014998242,10425.424350976944,,,error,ValueError
512,13.797775930725038,10041.90228487566,10442.57120203972,,,error,ValueError
513,32.46362735051662,10058.364419768901,10460.215050220491,,,error,ValueError
514,33.49011964048259,10074.826554662137,10477.673886060717,,,error,ValueError
515,23.44803681015037,10091.288689555377,10494.794755935667,,,error,ValueError
516,39.18673406005836,10107.750824448614,10511.586390018465,,,error,ValueError
517,21.967673660255972,10124.212959341854,10529.006044864656,,,error,ValueError
518,27.22587797092274,10140.675094235092,10546.74061703682,,,error,ValueError
519,15.258659539977089,10157.13722912833,10563.639599084854,,,error,ValueError
520,20.202200850471847,10173.59936402157,10581.200334072111,,,error,ValueError
521,39.160572621040046,10198.292566361428,10606.176199913023,,,error,ValueError
522,31.46879954030737,10222.985768701285,10631.18349480629,,,error,ValueError
523,21.284073889255524,10247.678971041143,10657.22200703621,10732.175096038729,74.95308900251986,done,
524,39.898083480075,10272.372173381002,10682.131592035294,,,error,ValueError
525,8.690066949930044,10288.83430827424,10698.760984182358,,,error,ValueError
526,23.771679840283472,10305.29644316748,10717.384157180786,,,error,ValueError
527,24.96287244022824,10321.75857806072,10734.44747710228,,,error,ValueError
528,8.035319610498847,10338.220712953958,10751.17995595932,,,error,ValueError
529,18.99272068985737,10354.682847847196,10768.31095314026,,,error,ValueError
530,22.158820190234106,10371.144982740436,10785.029532909391,,,error,ValueError
531,12.085230259690436,10383.491583910363,10797.649291992188,,,error,ValueError
532,12.827914690133186,10395.838185080294,10810.199280023575,,,error,ValueError
533,13.818875750293955,10408.184786250225,10823.09750008583,,,error,ValueError
534,31.56209168024361,10420.531387420153,10835.653214216232,,,error,ValueError
535,86.97774135973305,10432.877988590079,10848.755302906036,,,error,ValueError
536,12.073684269562365,10445.22458976001,10861.421159029007,,,error,ValueError
537,22.773950300179425,10457.57119092994,10874.756659984587,,,error,ValueError
538,28.796729430323467,10469.917792099868,10887.460300207138,,,error,ValueError
539,47.690984430955716,10486.379926993108,10904.328272104263,,,error,ValueError
540,28.32302393973805,10502.842061886346,10922.177384853365,,,error,ValueError
541,36.45444318070077,10519.304196779583,10939.444433927536,,,error,ValueError
542,20.95054852077737,10535.766331672823,10956.800812005997,,,error,ValueError
543,36.773308590054505,10552.228466566065,10973.564440011978,,,error,ValueError
544,15.91151752974838,10568.6906014593,10990.699906826021,,,error,ValueError
545,5.498392890440299,10582.801002796363,11005.318756103516,,,error,ValueError
546,21.39275575987995,10596.911404133423,11019.74372291565,,,error,ValueError
547,27.233007310424,10611.021805470486,11034.942399978638,,,error,ValueError
548,15.370865809964016,10625.132206807548,11049.577243089676,,,error,ValueError
549,14.447270889068024,10639.24260814461,11064.131067991255,,,error,ValueError
550,12.87402191082947,10653.35300948167,11078.980885028841,,,error,ValueError
551,37.93760832981208,10667.463410818731,11093.249825000765,,,error,ValueError
552,24.94669592007995,10687.21797269062,11114.041802167892,,,error,ValueError
553,22.329742150614038,10706.972534562508,11135.654074907305,,,error,ValueError
554,31.82954277959652,10726.727096434392,11156.354140043259,,,error,ValueError
555,23.663199100410573,10746.481658306278,11176.40229988098,,,error,ValueError
556,15.727286140900107,10766.236220178163,11197.208666086197,,,error,ValueError
557,13.033998609753326,10780.346621515228,11212.00840520859,,,error,ValueError
558,14.914541810285302,10794.457022852288,11226.694372177124,,,error,ValueError
559,31.73150800983421,10808.56742418935,11242.499348163603,,,error,ValueError
560,8.492799040395766,10822.677825526413,11256.871165037155,,,error,ValueError
561,5.93807287979871,10836.788226863477,11271.67502593994,,,error,ValueError
562,20.36229335004464,10850.898628200535,11287.243376970293,,,error,ValueError
563,53.13867710996419,10865.009029537598,11302.358243942259,,,error,ValueError
564,43.45445964019745,10881.471164430835,11319.851861000061,,,error,ValueError
565,18.48695087013766,10897.933299324075,11337.252238988876,,,error,ValueError
566,10.690830489620566,10914.395434217317,11354.104287147522,,,error,ValueError
567,29.47072578012012,10930.857569110554,11371.724807024002,,,error,ValueError
568,39.31784808053635,10947.319704003792,11388.768222093582,,,error,ValueError
569,38.09500050032512,10963.781838897032,11405.990223884584,,,error,ValueError
570,35.772832660004504,10983.53640076892,11427.589505910872,,,error,ValueError
571,18.619919980410486,11003.290962640804,11448.063283205032,,,error,ValueError
572,50.89043479063548,11023.04552451269,11468.084065198898,,,error,ValueError
573,22.20418413053267,11042.800086384575,11488.44651389122,,,error,ValueError
574,41.031208649510525,11062.554648256464,11509.05969619751,,,error,ValueError
575,33.17363310954533,11095.478918042942,11543.499299049376,,,error,ValueError
576,29.763232950353995,11128.403187829419,11576.78071093559,,,error,ValueError
577,45.473091149469845,11161.327457615896,11610.209001064299,,,error,ValueError
578,19.447656839620322,11186.020659955757,11635.835445165634,,,error,ValueError
579,18.49727323977277,11210.713862295614,11661.217372894287,,,error,ValueError
580,23.119795230450112,11235.40706463547,11686.519191026688,,,error,ValueError
581,7.869340839097277,11260.100266975327,11712.155483007431,11783.770612018183,71.61512901075183,done,
582,28.46364945056848,11284.793469315187,11737.284512043001,,,error,ValueError
583,16.024671510094777,11309.486671655046,11762.745290994644,11832.05395611003,69.30866511538625,done,
584,8.287320960080251,11334.179873994904,11788.070785999296,11842.103037936611,54.032251937314875,done,
585,48.39833584963343,11358.873076334761,11813.51256799698,,,error,ValueError
586,44.89532547071576,11383.56627867462,11839.359643936155,,,error,ValueError
587,19.21605317969807,11408.259481014478,11864.399833917618,,,error,ValueError
588,15.832727309316395,11432.952683354337,11889.272472858427,,,error,ValueError
589,33.72945081093349,11457.645885694197,11914.435724973679,,,error,ValueError
590,19.890365670435127,11490.570155480671,11947.847043037416,,,error,ValueError
591,42.712436590809375,11523.49442526715,11981.529557943344,,,error,ValueError
592,27.06644296995364,11556.418695053628,12014.882349014282,,,error,ValueError
593,7.077477260027081,11581.111897393486,12040.335096120834,,,error,ValueError
594,19.836400659987703,11605.805099733345,12065.728616952896,12139.780673949048,74.05205699615179,done,
595,20.35417063045316,11630.498302073203,12090.9358689785,12161.955732921138,71.01986394263804,done,
596,14.427479170262814,11655.191504413058,12116.647521018982,12178.394037982449,61.746516963467,done,
597,23.17154875956476,11674.946066284949,12137.343955039978,12203.49422194995,66.15026690997183,done,
598,11.765390909276904,11694.700628156834,12159.02006316185,12217.16510520503,58.14504204317928,done,
599,46.978809220017865,11714.45519002872,12179.654337167742,,,error,ValueError
600,17.604514979757372,11734.209751900606,12200.201728105545,,,error,ValueError
601,30.589420309988785,11753.964313772492,12220.39522886276,,,error,ValueError
602,23.901633359491825,11770.42644866573,12237.295747995377,,,error,ValueError
603,18.605522309662767,11786.88858355897,12254.127123117449,,,error,ValueError
604,13.1978200096637,11803.35071845221,12271.62555885315,,,error,ValueError
605,22.744133831001815,11819.81285334545,12288.656123161316,,,error,ValueError
606,20.570235470077023,11836.274988238683,12306.816523075106,,,error,ValueError
607,23.267497350461785,11852.737123131923,12323.632532119751,,,error,ValueError
608,28.800979419611398,11872.491685003812,12344.216241121292,,,error,ValueError
609,19.60409017978236,11892.246246875698,12364.795480012894,,,error,ValueError
610,28.391535609262068,11912.000808747584,12385.03032708168,,,error,ValueError
611,21.366584999486804,11931.755370619472,12405.846331119536,,,error,ValueError
612,35.29103377950378,11951.509932491359,12426.184963941574,,,error,ValueError
613,9.519657710334286,11976.203134831218,12451.768176078796,,,error,ValueError
614,20.29593434999697,12000.896337171074,12477.00566983223,,,error,ValueError
615,24.02280698996037,12025.589539510933,12501.987612009048,,,error,ValueError
616,41.43829550012015,12050.282741850791,12527.499585151672,,,error,ValueError
617,7.873121099546553,12066.744876744031,12544.146576881409,,,error,ValueError
618,12.510524990502743,12083.207011637269,12560.956999063492,,,error,ValueError
619,28.455580439185724,12099.669146530508,12577.784044027328,,,error,ValueError
620,9.384486540220678,12116.131281423744,12594.463860988615,,,error,ValueError
621,70.1060380495619,12132.593416316984,12611.652338981628,,,error,ValueError
622,42.11687876959331,12149.055551210224,12630.098810911179,,,error,ValueError
623,30.43775261961855,12181.9798209967,12663.870095014572,,,error,ValueError
624,34.625788120320074,12214.90409078318,12697.67399597168,,,error,ValueError
625,10.685395440086722,12247.828360569656,12731.094043970108,12800.893279060721,69.79923509061338,done,
626,24.849565540207553,12272.521562909516,12756.841664075851,12827.62064306438,70.77897898852825,done,
627,26.252733890432864,12297.214765249373,12781.713534831999,12855.752740973605,74.03920614160597,done,
628,17.392929259222,12321.907967589228,12807.386494159697,12875.43199505843,68.04550089873374,done,
629,24.526120820082728,12346.601169929087,12832.79663801193,12901.650699898599,68.8540618866682,done,
630,11.539263590238988,12366.355731800977,12853.2735581398,12915.02978204563,61.756223905831575,done,
631,22.5182997493539,12386.110293672862,12874.946454048157,12939.4140171092,64.46756306104362,done,
632,32.42227962007746,12405.864855544749,12895.63129401207,,,error,ValueError
633,27.559946950059384,12425.619417416636,12916.198520183565,,,error,ValueError
634,38.607327789068215,12445.373979288523,12936.720906972883,,,error,ValueError
635,19.54633026965893,12465.12854116041,12956.669193029404,,,error,ValueError
636,13.82208155002445,12484.883103032294,12976.69674897194,,,error,ValueError
637,25.02217230037786,12504.63766490418,12997.169968128203,,,error,ValueError
638,10.950250070309265,12524.392226776066,13017.664558172226,,,error,ValueError
639,32.66548097017221,12544.146788647957,13037.642246961594,,,error,ValueError
640,41.42999958014116,12563.901350519842,13057.6607940197,,,error,ValueError
641,20.509734509978443,12583.655912391729,13078.12870502472,,,error,ValueError
642,30.739868009695787,12603.410474263614,13098.590469121931,,,error,ValueError
643,19.65783862979152,12623.1650361355,13118.550349235536,,,error,ValueError
644,25.196492050308727,12642.919598007387,13138.523428916931,,,error,ValueError
645,14.866501530632375,12675.843867793865,13173.070379018784,13242.446301922202,69.37592290341854,done,
646,27.55878814030439,12708.768137580342,13206.498878002169,13271.893036011608,65.39415800943972,done,
647,22.312349790008742,12741.692407366821,13241.443439006804,13296.0979841575,54.654545150697224,done,
648,34.46751362993382,12766.385609706676,13266.639168024065,13332.50594616309,65.86677813902497,done,
649,21.8742499302607,12791.078812046535,13292.09107708931,13356.300574157387,64.20949706807733,done,
650,36.53181357076392,12815.772014386392,13317.2943482399,,,error,ValueError
651,34.94530939031392,12840.465216726252,13342.685774087906,,,error,ValueError
652,37.59711488964968,12856.927351619492,13359.475313186646,,,error,ValueError
653,25.372501969104643,12873.38948651273,13376.95810508728,,,error,ValueError
654,13.22238196968101,12889.85162140597,13394.260075092317,,,error,ValueError
655,18.57721335953101,12906.313756299209,13411.772619962692,,,error,ValueError
656,12.774913869798185,12922.775891192448,13428.612795114517,,,error,ValueError
657,47.244319969322525,12939.238026085686,13445.391858100891,,,error,ValueError
658,21.36182822054252,12972.162295872164,13480.226347923279,,,error,ValueError
659,13.135241799755022,13005.08656565864,13514.643042087557,,,error,ValueError
660,11.229938130127266,13038.01083544512,13548.340503931046,13606.939169917256,58.598665986210115,done,
661,31.300125360721715,13054.472970338356,13566.247236013412,13640.151996195316,73.90476018190384,done,
662,9.179480989696458,13070.935105231596,13583.757546186447,13651.197865294293,67.44031910784543,done,
663,45.41576368035749,13087.397240124836,13600.643606901167,,,error,ValueError
664,20.64805031986907,13103.859375018072,13618.123045921326,,,error,ValueError
665,12.679167439928277,13120.321509911311,13635.602066040039,,,error,ValueError
666,29.87964468076825,13136.783644804551,13652.335801839828,,,error,ValueError
667,21.225843720603734,13161.47684714441,13677.60842704773,,,error,ValueError
668,31.435521959792823,13186.170049484264,13704.069344043734,,,error,ValueError
669,15.76772568980232,13210.863251824123,13729.186080932617,,,error,ValueError
670,15.295802080072464,13235.556454163985,13754.538883924484,,,error,ValueError
671,23.63777427002788,13249.666855501046,13769.035857915878,,,error,ValueError
672,14.39206950017251,13263.777256838106,13783.313249111177,,,error,ValueError
673,40.08939133957029,13277.887658175168,13797.813086986544,,,error,ValueError
674,30.589161890093237,13291.998059512229,13813.019586086271,,,error,ValueError
675,31.689820139436048,13306.108460849293,13827.521450042725,,,error,ValueError
676,9.983976479852572,13320.218862186353,13842.359323024752,,,error,ValueError
677,29.573756710160524,13334.329263523416,13856.91538310051,,,error,ValueError
678,41.014885029289864,13354.083825395302,13877.710714101791,,,error,ValueError
679,12.518384440336375,13373.83838726719,13898.879139900208,,,error,ValueError
680,14.483720459975302,13393.592949139078,13919.30249118805,,,error,ValueError
681,27.4005857296288,13413.347511010965,13939.837660074234,,,error,ValueError
682,41.21868495014496,13433.10207288285,13960.6697268486,,,error,ValueError
683,9.9328216095455,13449.564207776091,13977.843117952349,,,error,ValueError
684,49.69041063915938,13466.02634266933,13995.060650110245,,,error,ValueError
685,32.46611598995514,13482.488477562563,14012.532196998596,,,error,ValueError
686,16.126323519274592,13498.950612455803,14029.784509897232,,,error,ValueError
687,27.441966589540247,13515.412747349043,14046.656952142715,,,error,ValueError
688,12.194923600181935,13531.874882242282,14063.730050086975,,,error,ValueError
689,10.696019920287654,13564.79915202876,14098.491625070572,14162.827186893672,64.33556182309985,done,
690,26.77027813973837,13597.723421815237,14132.620221138,14191.483658174053,58.863437036052346,done,
691,19.03988605947233,13630.647691601716,14166.010028123856,14212.47789929621,46.467871172353625,done,
692,63.25901517062447,13647.109826494954,14183.53346800804,,,error,ValueError
693,32.3634935694281,13663.57196138819,14201.669422149658,,,error,ValueError
694,18.224792820401486,13680.03409628143,14218.663808107376,,,error,ValueError
695,50.771055349614464,13696.496231174671,14236.176142930984,,,error,ValueError
696,33.14590086927637,13712.958366067907,14253.691970109941,,,error,ValueError
697,18.105454700998962,13729.420500961147,14270.509516000748,,,error,ValueError
698,45.632426730589934,13743.530902298211,14285.636605024338,,,error,ValueError
699,16.690555569948632,13757.641303635271,14300.562829017641,,,error,ValueError
700,39.658426370006055,13771.751704972332,14315.133347034453,,,error,ValueError
701,24.98190463986248,13785.862106309394,14329.526046991348,,,error,ValueError
702,23.327966829529032,13799.972507646455,14344.00018286705,,,error,ValueError
703,30.115550219779834,13814.082908983515,14358.438210010527,,,error,ValueError
704,13.574037819635125,13828.19331032058,14373.490918159485,,,error,ValueError
705,11.870132620679215,13847.947872192466,14394.147680997849,,,error,ValueError
706,25.120375450933352,13867.702434064353,14415.433791160583,,,error,ValueError
707,24.115920489421114,13887.45699593624,14435.374534130095,,,error,ValueError
708,12.558654160238802,13907.211557808127,14455.413545131685,,,error,ValueError
709,43.380495120072744,13926.966119680012,14476.121851921082,,,error,ValueError
710,36.104635850060724,13946.7206815519,14496.395391941069,,,error,ValueError
711,14.961238929536195,13966.475243423789,14516.308686971664,,,error,ValueError
712,10.05575667019002,13986.229805295672,14536.390441179276,,,error,ValueError
713,33.63741102977656,14005.98436716756,14557.090227127075,,,error,ValueError
714,12.126587169477716,14025.738929039446,14577.41160917282,,,error,ValueError
715,18.942193019902327,14050.432131379304,14602.293606996536,,,error,ValueError
716,30.728422979591407,14075.125333719165,14627.370464086533,,,error,ValueError
717,49.04968355083839,14099.818536059018,14653.061792135239,,,error,ValueError
718,19.91692775976844,14124.511738398876,14678.14731001854,,,error,ValueError
719,14.292784240096807,14140.97387329212,14695.645396947859,,,error,ValueError
720,23.447318749967966,14157.436008185356,14713.351402997969,,,error,ValueError
721,24.466090409550816,14173.898143078592,14730.011456012728,,,error,ValueError
722,20.200027050450444,14190.360277971831,14747.531472921371,,,error,ValueError
723,7.1560941194184124,14206.82241286507,14764.114279985428,14838.890878004953,74.77659801952541,done,
724,17.0379783003591,14223.28454775831,14781.594977140427,,,error,ValueError
725,32.50249033910222,14256.208817544788,14815.916965007784,,,error,ValueError
726,17.47842727927491,14289.133087331265,14849.074198007584,14911.665872978047,62.59167497046293,done,
727,23.257625719998032,14322.057357117745,14882.49815797806,14936.82723895088,54.32908097282052,done,
728,15.90510055073537,14354.981626904219,14915.838517189026,14954.652118204162,38.813601015135646,done,
729,16.845886430237442,14387.905896690701,14949.013490200045,14973.41036514193,24.396874941885468,done,
730,17.86687836050987,14420.830166477175,14983.608561038973,15003.99622314796,20.38766210898757,done,
731,8.366508459439501,14437.292301370415,15001.124318122864,15014.270827306435,13.146509183570744,done,
732,24.508150960318748,14453.754436263654,15018.45171093941,15045.21364673041,26.761935791000724,done,
733,16.965267340419814,14470.216571156892,15035.96160197258,15064.063946107402,28.10234413482249,done,
734,20.091650480171662,14486.678706050132,15053.395224094389,15086.011390026657,32.616165932267904,done,
735,20.61788733000867,14503.140840943372,15070.245735883711,15108.53929289244,38.29355700872839,done,
736,21.703577040461827,14519.60297583661,15087.176217079164,15132.102114228534,44.92589714936912,done,
737,23.388435499509804,14552.527245623089,15120.730921030045,15157.345753964037,36.61483293399215,done,
738,47.41932541015558,14585.451515409562,15154.29121184349,15206.654379826039,52.363167982548475,done,
739,16.745709099341184,14618.375785196042,15187.548807859419,15225.308072790502,37.75926493108273,done,
740,33.980043840128936,14651.30005498252,15220.859554052351,15261.206256845964,40.34670279361308,done,
741,16.362951459595937,14684.224324768997,15254.509453058245,15279.449908157812,24.940455099567767,done,
742,11.521494350163266,14717.148594555474,15287.63232421875,15301.659401224926,14.027077006176114,done,
743,16.429954629857093,14741.841796895333,15312.860667943954,15332.03279879503,19.17213085107505,done,
744,12.292753589572385,14766.534999235193,15338.219826936722,15352.876878937706,14.657052000984551,done,
745,13.582798049319534,14791.228201575048,15363.054821014404,15379.283878000453,16.229056986048818,done,
746,30.106116100214425,14815.921403914905,15389.460354089737,15422.137073218822,32.676719129085534,done,
747,14.501386650372295,14840.614606254763,15414.957660198213,15438.764091296123,23.806431097909808,done,
748,45.22739657899364,14865.307808594622,15439.955665111544,15488.115808308126,48.1601431965828,done,
749,22.52449263003655,14890.001010934482,15465.468826055527,15512.590627003461,47.12180094793438,done,
750,9.616915329825133,14914.69421327434,15490.292644977568,15524.197536904363,33.904891926795244,done,
751,43.61481584957801,14964.080617954056,15540.383431911467,15586.97576084174,46.59232893027365,done,
752,19.174884170060974,15013.467022633771,15590.154622077942,15611.524333108217,21.36971103027463,done,
753,26.23730230960064,15038.160224973633,15615.71108388901,15644.290658898653,28.57957500964403,done,
754,28.45438634976745,15062.853427313492,15641.232835054398,15674.621734227985,33.38889917358756,done,
755,17.57231042953208,15087.546629653347,15666.504760980606,15694.28813691251,27.78337593190372,done,
756,23.61872049048543,15112.239831993204,15691.825018167496,15719.80562912859,27.980610961094502,done,
757,36.19391852989793,15161.62623667292,15742.003596067429,15780.608998058364,38.60540199093521,done,
758,19.036837259773165,15211.01264135264,15791.790850162504,15813.494895286856,21.704045124351982,done,
759,13.560272589093074,15235.705843692494,15816.66516494751,15832.703274030238,16.03810908272862,done,
760,25.67135578021407,15260.399046032357,15842.880517005919,15871.155929978935,28.2754129730165,done,
761,8.955894520040601,15285.092248372212,15868.393608093262,15882.155146174133,13.761538080871103,done,
762,21.179871900239963,15309.785450712068,15893.346076965332,15917.204051179811,23.857974214479327,done,
763,35.70242088986561,15342.709720498548,15927.38520503044,15965.656622173263,38.27141714282334,done,
764,11.329613510752097,15375.633990285025,15960.883407115934,15978.837493069468,17.95408595353365,done,
765,49.538945029489696,15408.5582600715,15994.033655881882,16046.57827274315,52.54461686126888,done,
766,8.351833589840679,15441.482529857982,16027.533393859863,16056.803078897297,29.2696850374341,done,
767,5.392216130858286,15474.406799644461,16060.970345020292,16068.826178062705,7.855833042412995,done,
768,17.24933204939589,15507.331069430935,16096.024208068848,16116.071529984474,20.04732191562653,done,
769,9.721174710430203,15540.255339217414,16130.262944936752,16142.937879865989,12.67493492923677,done,
770,41.36722238967196,15573.179609003892,16164.146466016768,16207.801238004116,43.6547719873488,done,
771,13.294607070274653,15606.103878790369,16197.683849096298,16223.075204951689,25.39135585539043,done,
772,24.2423174798023,15622.566013683609,16214.976670026783,16249.172454971824,34.195784945040934,done,
773,23.327454288955774,15639.028148576846,16233.251819849014,16274.79016873613,41.53834888711572,done,
774,17.235029221046716,15655.490283470082,16250.338886976242,16293.656881079078,43.317994102835655,done,
775,17.645951450103897,15671.952418363326,16267.848847150803,16313.205949213356,45.35710206255317,done,
776,16.554998070932925,15688.414553256565,16284.973628044128,16331.665272049606,46.69164400547743,done,
777,18.47154579008929,15704.8766881498,16301.833009958269,16352.362054778265,50.52904481999576,done,
778,8.665434379363433,15754.263092829518,16351.856887817383,16362.595032911748,10.738145094364882,done,
779,46.76395426969975,15803.649497509234,16401.794371128082,16451.168369201943,49.373998073860996,done,
780,15.8807257108856,15902.422306868668,16501.361824035645,16519.633202044293,18.271378008648753,done,
781,26.005266440333802,15935.346576655144,16534.82419610024,16563.868431225423,29.044235125184063,done,
782,7.979337039869279,15968.270846441623,16568.04631304741,16578.292072087526,10.245759040117264,done,
783,31.233541920082647,16001.1951162281,16601.47984099388,16635.19504207,33.71520107612014,done,
784,26.432795679429546,16099.967925587533,16700.40418791771,16729.157180778682,28.75299286097288,done,
785,25.75699021923356,16198.740734946963,16799.3656899929,16827.769123964008,28.403433971107006,done,
786,41.44105226965621,16297.513544306397,16899.99180912972,16944.206575136635,44.21476600691676,done,
787,21.868413239717484,16330.437814092877,16933.55712914467,16967.979411274195,34.42228212952614,done,
788,17.238391060382128,16363.362083879352,16967.426331996918,16987.211885912344,19.78555391542613,done,
789,10.940103320172057,16396.28635366583,17001.40504717827,17015.243271058425,13.838223880156875,done,
790,34.99257633928209,16445.672758345547,17052.440447092056,17089.80741008371,37.366962991654866,done,
791,25.976220689481124,16495.059163025264,17101.997501134872,17130.75510404259,28.757602907717228,done,
792,14.219682039692998,16593.831972384694,17200.974439144135,17217.873910082504,16.89947093836963,done,
793,28.122598240152,16618.52517472455,17226.056115150448,17256.781937235963,30.725822085514665,done,
794,21.40237889951095,16643.218377064408,17251.551187038418,17280.015732999887,28.46454596146941,done,
795,27.838283809833232,16667.911579404266,17276.97452998161,17309.982929866757,33.00839988514781,done,
796,28.941894579911605,16692.604781744132,17302.20448088646,17340.848435906693,38.64395502023399,done,
797,25.066965309670195,16741.991186423846,17352.032382965088,17379.708203013986,27.67582004889846,done,
798,13.125424910103902,16791.377591103563,17401.92349100113,17417.46313691698,15.539645915850997,done,
799,35.023197950795286,16890.150400462993,17501.69474196434,17539.380532994866,37.68579103052616,done,
800,26.33995248004794,16988.923209822427,17601.58451604843,17630.072528079152,28.488012030720714,done,
801,74.14213977986947,17087.696019181858,17702.29570198059,,,error,ValueError
802,28.06825684965588,17186.468828541292,17801.375028133392,17832.29480117187,30.919773038476706,done,
803,16.795592569978908,17285.241637900726,17900.502614974976,17919.874005084857,19.37139010988176,done,
804,33.23357200017199,17334.628042580443,17950.07412600517,17986.359793918204,36.28566791303456,done,
805,24.221012230264026,17384.014447260157,18000.549113988876,18027.65215808153,27.103044092655185,done,
806,20.933305940125138,17482.78725661959,18100.866880178448,18124.76082300208,23.89394282363355,done,
807,31.7178133293055,17532.173661299305,18151.95235705376,18186.450697038326,34.498339984565966,done,
808,15.250301969936118,17581.560065979018,18201.642111063004,18218.843509096652,17.20139803364873,done,
809,21.300948130665347,17680.332875338456,18301.06820297241,18324.838315749537,23.77011277712882,done,
810,19.402429530164227,17779.10568469789,18400.090259075165,18422.462204046547,22.371944971382618,done,
811,19.38977564917877,17803.79888703775,18425.684576034542,18447.219114163887,21.534538129344586,done,
812,30.95510579063557,17828.492089377607,18451.390640020367,18484.59124509431,33.20060507394373,done,
813,7.2008989099413165,17853.185291717462,18476.885991096497,18493.609948940575,16.72395784407854,done,
814,17.420733850449324,17877.87849405732,18501.78936004639,18521.75496702083,19.965606974437836,done,
815,38.20617542020045,17976.651303416755,18600.96939897537,18641.401518950235,40.43211997486652,done,
816,21.215352549916133,18075.424112776185,18701.60194182396,18725.772248800844,24.170306976884604,done,
817,23.46561777056195,18174.19692213562,18800.989620924,18826.419040864337,25.42941994033754,done,
818,10.663508359575644,18272.96973149505,18900.635087013245,18914.20337100327,13.56828399002552,done,
819,10.794766730396075,18371.742540854484,19000.43050384521,19013.93509165756,13.504587812349198,done,
820,8.636130690574646,18470.51535021392,19100.17312002182,19111.450167007744,11.277046985924244,done,
821,10.945890069706364,18569.28815957335,19199.678972005844,19213.385334113613,13.706362107768655,done,
822,15.666665269527586,18668.060968932783,19298.610792160038,19317.01193623245,18.401144072413445,done,
823,8.51371067110449,18766.833778292217,19397.5810251236,19409.012842321772,11.431817198172212,done,
824,39.35351014020853,18865.606587651648,19497.24674487114,19539.499507812783,42.252762941643596,done,
825,38.94216964952648,18964.37939701108,19596.700844049454,19638.46534110792,41.76449705846608,done,
826,16.026621870696545,19063.152206370512,19695.66402292252,19714.442663932223,18.778641009703282,done,
827,19.404964060522612,19161.92501572995,19795.36236000061,19817.42343811132,22.061078110709786,done,
828,12.22283152048476,19260.69782508938,19895.538416147232,19909.886208284646,14.347792137414217,done,
829,7.901498550781981,19310.084229769098,19945.07989501953,19955.317481936887,10.237586917355655,done,
830,18.97557685035281,19359.470634448808,19995.5189139843,20017.17525699921,21.656343014910817,done,
831,13.727817609906195,19458.243443808246,20095.402750968933,20111.3043879997,15.901637030765414,done,
832,8.863652440486476,19557.01625316768,20194.54619216919,20205.84321299754,11.297020828351377,done,
833,9.311943760840222,19655.78906252711,20294.072577238083,20306.27754537575,12.204968137666585,done,
834,34.696698479820036,19754.561871886544,20394.515709161762,20432.12502324209,37.60931408032775,done,
835,23.606909730006013,19853.33468124597,20494.327609062195,20520.08025800623,25.752648944035165,done,
836,13.133750039851293,19952.10749060541,20593.303569078445,20609.208698103204,15.905129024758935,done,
837,15.085505530005321,20050.88029996484,20692.441283226013,20710.07144214958,17.63015892356634,done,
838,18.806906379759308,20149.653109324274,20792.3094060421,20813.51554702595,21.206140983849764,done,
839,22.737547910073772,20199.03951400399,20842.70742797852,20868.38911782578,25.681689847260717,done,
840,12.739858810091393,20248.425918683708,20892.581495046616,20907.77633111924,15.19483607262373,done,
841,21.18319100001827,20273.119121023567,20917.962933063507,20941.804145101458,23.841212037950758,done,
842,23.04644625983201,20297.81232336342,20942.974208831787,20968.080958794802,25.10674996301532,done,
843,42.329256610246375,20322.50552570328,20968.15771508217,21012.291184078902,44.13346899673343,done,
844,33.23055513086729,20347.19872804314,20993.68805599213,21047.396731076766,53.708675084635615,done,
845,48.681398349581286,20445.97153740257,21092.584465980533,21144.26492794976,51.6804619692266,done,
846,18.72955275932327,20544.744346762003,21192.460690021515,21213.33941105008,20.87872102856636,done,
847,20.42769453953952,20643.51715612144,21291.561249017715,21314.12756403722,22.566315019503243,done,
848,39.16080766008236,20742.289965480868,21391.340811252594,21432.663627415895,41.32281616330147,done,
849,22.78070958913304,20841.062774840306,21490.86782503128,21516.527443930507,25.659618899226192,done,
850,33.048157900338985,20939.835584199736,21590.741116046906,21626.91133395396,36.17021790705621,done,
851,16.963497240794823,21038.608393559167,21690.129214048382,21709.29980798438,19.17059393599629,done,
852,11.47897740942426,21137.3812029186,21789.5202460289,21803.214524924755,13.694278895854952,done,
853,14.606905300170185,21236.15401227803,21889.448920965195,21906.723163791,17.27424282580614,done,
854,9.869787390343843,21334.926821637462,21988.94716000557,22001.249557057396,12.302397051826121,done,
855,25.706827000249177,21433.6996309969,22089.48674416542,22118.121146135032,28.634401969611645,done,
856,10.815481200115757,21532.47244035633,22190.34473800659,22203.92307911627,13.57834110967815,done,
857,6.992635109927505,21631.245249715765,22290.149723052982,22300.040194870908,9.890471817925572,done,
858,37.400904699461535,21730.018059075195,22389.26913905144,22429.636516042057,40.36737699061632,done,
859,19.434211300686,21828.790868434633,22489.84545898437,22511.30386894382,21.458409959450364,done,
860,41.54599986039103,21927.563677794064,22589.51865315437,22633.129285108294,43.610631953924894,done,
861,27.557261949405074,22026.33648715349,22689.326851129525,22719.596813166507,30.269962036982182,done,
862,20.694450209848586,22125.10929651293,22788.807280063633,22812.113711079586,23.306431015953418,done,
863,27.06670652958564,22223.88210587236,22888.33722686768,22917.436636801813,29.099409934133288,done,
864,25.173834890592843,22322.654915231797,22987.66630887985,23015.444935997944,27.778627118095763,done,
865,26.355903469957408,22421.427724591227,23087.675511837006,23116.79922696203,29.123715125024315,done,
866,18.60757334041409,22520.200533950654,23187.01695585251,23208.281624872237,21.2646690197289,done,
867,21.08500720001757,22618.97334331009,23286.51149296761,23309.74046914466,23.228976177051663,done,
868,9.846510679926725,22717.746152669522,23385.963427066803,23397.870589211583,11.90716214478016,done,
869,16.564359980402514,22767.13255734924,23436.06776309013,23455.12060409225,19.052841002121568,done,
870,53.65050222026184,22816.51896202896,23486.312272071842,23542.008721081544,55.69644900970161,done,
871,15.154935769969597,22865.905366708677,23536.82392716408,23559.07846705057,22.25453988648951,done,
872,29.872327510965984,22915.291771388387,23587.263016223907,23620.028016351163,32.76500012725592,done,
873,31.44867765950039,23014.064580747818,23686.236112117767,23720.125290304422,33.889178186655045,done,
874,42.365761580877006,23112.837390107252,23785.32849884033,23829.943319814276,44.614820973947644,done,
875,13.256620418978855,23211.61019946669,23885.135510206226,23901.12605711073,15.9905469045043,done,
876,37.22246358986013,23310.383008826117,23984.36115503311,24024.100721888244,39.73956685513258,done,
877,25.882086480269212,23409.155818185558,24084.316022157673,24113.20911899582,28.89309683814645,done,
878,25.984443289926283,23507.928627544985,24183.453945159912,24211.988472329453,28.53452716954052,done,
879,18.719515890115872,23606.70143690442,24284.244681119915,24305.695130133998,21.450449014082547,done,
880,25.360218159621578,23656.087841584136,24333.905310869213,24362.107040859755,28.201729990541935,done,
881,24.14801400969736,23705.474246263846,24384.323796987534,24410.85336896032,26.529571972787384,done,
882,19.71537792938761,23804.247055623287,24484.069834947582,24506.684829033908,22.614994086325172,done,
883,29.05140562914312,23903.019864982718,24583.901919126507,24615.06586003117,31.163940904662013,done,
884,28.848069879459214,24001.79267434215,24683.274441957477,24714.638759940866,31.3643179833889,done,
885,22.19006309984252,24100.565483701583,24782.846574068066,24807.552360093217,24.70578602515161,done,
886,18.106991839595143,24199.33829306101,24881.83126497269,24902.895206969235,21.0639419965446,done,
887,9.114094689721242,24298.111102420447,24981.115856885906,24992.416928734627,11.301071848720312,done,
888,36.267972589703284,24396.88391177988,25080.663753032684,25119.875453004614,39.21169997192919,done,
889,25.814753170125183,24495.656721139312,25180.083769083023,25208.94264307618,28.85887399315834,done,
890,32.37388009903952,24594.429530498746,25279.15750813484,25314.10660894401,34.9491008091718,done,
891,26.651336159557104,24693.202339858173,25378.320504903793,25407.31738693267,28.996882028877735,done,
892,45.93707739957608,24791.975149217607,25477.847589015957,25525.982450064268,48.134861048310995,done,
893,13.905567759647965,24890.747958577045,25577.18086123466,25593.543945085254,16.363083850592375,done,
894,34.31825008010493,24989.52076793648,25676.78274607658,25713.61478811502,36.832042038440704,done,
895,33.85290764970705,25088.29357729591,25775.830153942108,25811.844764843583,36.01461090147495,done,
896,8.652764200232923,25187.06638665534,25875.050841093067,25885.885718006644,10.834876913577318,done,
897,11.97947027045302,25285.83919601477,25974.122484922405,25988.9390571136,14.816572191193702,done,
898,51.0219500598032,25384.61200537421,26073.172408103947,26126.9570709616,53.78466285765171,done,
899,10.654880569782106,25483.384814733643,26172.151720047,26185.827561084185,13.675841037183998,done,
900,23.19543985999189,25582.157624093077,26272.065240144733,26297.98774509691,25.922504952177402,done,
901,16.59388798987493,25680.930433452504,26371.201556921005,26390.742314094678,19.54075717367232,done,
902,25.22312660003081,25779.70324281194,26470.974973917007,26498.45181410387,27.476840186864134,done,
903,14.201896180165932,25878.47605217137,26571.66290187836,26588.686062932018,17.02316105365753,done,
904,11.860282520065086,25977.248861530807,26670.914738893513,26685.198764771227,14.284025877714155,done,
905,29.306485300185162,26076.02167089024,26770.437911033634,26802.457277078185,32.019366044551134,done,
906,13.11074726982042,26174.794480249668,26870.677383899692,26886.300909848887,15.623525949195027,done,
907,29.724813279462982,26273.567289609102,26970.542433023453,27002.858976883814,32.31654386036098,done,
908,7.825557910837232,26372.340098968536,27071.073008060455,27081.36884384975,10.29583578929305,done,
909,21.827065789839253,26471.11290832797,27170.61901807785,27195.348900211975,24.72988213412464,done,
910,6.9996640796307465,26569.8857176874,27269.575073957447,27279.567096956078,9.992022998631,done,
911,37.249079559696845,26668.65852704683,27368.81734085083,27408.951515832916,40.134174982085824,done,
912,32.092348909936845,26718.04493172655,27419.14133119583,27453.75623714365,34.61490594781935,done,
913,34.024617549730465,26767.431336406265,27468.95379710197,27504.895283116024,35.941486014053226,done,
914,20.97171436995268,26866.2041457657,27568.09744811058,27591.219565965235,23.12211785465479,done,
915,12.356143890647216,26964.97695512513,27667.435329914093,27681.77027096413,14.334941050037742,done,
916,29.315629169577733,27063.749764484564,27766.999079942707,27799.10428203084,32.1052020881325,done,
917,15.155025670537725,27162.522573843995,27867.315937995907,27884.98946791328,17.673529917374253,done,
918,12.135267660487445,27261.295383203433,27967.22247385979,27981.69640106708,14.473927207291126,done,
919,24.036039989441644,27360.068192562867,28066.92500090599,28093.70865770057,26.78365679457784,done,
920,27.048489589942623,27458.84100192229,28166.920723915096,28196.868644850325,29.947920935228467,done,
921,44.71270086010917,27557.613811281728,28266.077017068863,28313.368813024834,47.291795955970876,done,
922,24.85520969028585,27656.38662064116,28366.56142497063,28393.92379304022,27.362368069589134,done,
923,16.660428459290415,27755.159430000596,28467.147734165184,28486.67103113606,19.52329697087407,done,
924,18.746501699788496,27853.93223936003,28566.25010800362,28587.93780981377,21.68770181015134,done,
925,11.831603170139715,27952.705048719457,28666.179621934887,28680.014424135905,13.834802201017737,done,
926,10.661757190246137,28051.47785807889,28765.24037003517,28778.5573629383,13.316992903128266,done,
927,11.183890900574623,28150.250667438322,28864.782749176025,28878.710860120133,13.928110944107175,done,
928,6.508670090697706,28249.02347679776,28963.94679403305,28973.07815296948,9.131358936429024,done,
929,35.91305608977565,28347.796286157187,29063.338174104687,29102.39712995663,39.0589558519423,done,
930,16.80793161038309,28446.56909551662,29162.60621404648,29182.41823824495,19.8120241984725,done,
931,54.51743343961425,28545.34190487605,29261.643915176388,29318.35607715882,56.712161982432015,done,
932,10.89040781953372,28644.11471423549,29360.548565864567,29374.259887963537,13.711322098970413,done,
933,13.283664330374448,28742.887523594916,29459.494982957836,29475.44285596348,15.947873005643489,done,
934,16.366092310054224,28841.660332954354,29558.66691994667,29577.538241988048,18.871322041377425,done,
935,14.087266270071268,28940.433142313785,29657.763288021088,29674.195865066722,16.43257704563439,done,
936,11.375071969814599,29039.20595167322,29757.43473482132,29771.330718629062,13.895983807742596,done,
937,33.37564370012842,29137.978761032653,29856.562532186508,29892.57497822866,36.012446042150266,done,
938,40.21189254010096,29236.751570392084,29955.788595914837,29999.181320970874,43.392725056037314,done,
939,29.116534320637584,29335.524379751518,30055.400048971176,30087.229375151917,31.829326180741187,done,
940,7.685034630121662,29434.297189110952,30155.43586206436,30165.565613003448,10.12975093908608,done,
941,20.67735271062702,29533.069998470386,30254.798259019848,30278.412344066423,23.614085046574477,done,
942,20.515086259692907,29631.84280782981,30354.628597021103,30377.187926888466,22.559329867362973,done,
943,18.24227771954611,29730.615617189247,30454.415004014973,30474.877954939384,20.462950924411416,done,
944,15.036898979451509,29829.38842654868,30554.107542991635,30571.334852980446,17.227309988811612,done,
945,40.212805840419605,29928.161235908112,30653.55807995796,30696.250359168273,42.69227921031416,done,
946,29.20355050009676,30026.934045267542,30753.451905012127,30785.39814710058,31.94624208845198,done,
947,6.274459750857204,30076.320449947267,30804.597795009613,30812.985755037516,8.387960027903318,done,
948,38.04524090955965,30125.706854626977,30854.178316116333,30895.001691224054,40.8233751077205,done,
949,19.757430200697847,30224.47966398641,30953.209450960163,30975.876339038838,22.666888078674678,done,
950,11.333208680152893,30323.25247334584,31053.091053009037,31066.53627506085,13.445222051814198,done,
951,27.345143229467798,30422.02528270528,31152.765642881397,31182.848009776328,30.0823668949306,done,
952,25.46478901989758,30520.798092064713,31252.067416906364,31280.09978099727,28.032364090904593,done,
953,30.443593880627304,30570.18449674443,31302.28985595703,31335.14641883038,32.856562873348594,done,
954,16.585272509837527,30619.570901424137,31352.346071004868,31370.95576404594,18.609693041071296,done,
955,71.79680072003977,30718.343710783574,31452.177665948868,31526.364726999775,74.18706105090678,done,
956,25.37548967055045,30817.116520143,31551.552983045574,31579.575358003374,28.022374957799908,done,
957,40.01938025932759,30915.889329502435,31651.795877933506,31694.670374829326,42.8744968958199,done,
958,21.110757349524647,31014.662138861873,31750.863889932632,31774.838570041582,23.974680108949546,done,
959,32.47532145003788,31113.434948221304,31850.065998077396,31885.634806981314,35.56880890391767,done,
960,20.29820791911333,31212.207757580738,31949.838716983795,31972.17581000179,22.33709301799536,done,
961,45.62595210969448,31310.980566940172,32049.39387702942,32097.107938831672,47.714061802253134,done,
962,17.80965702026151,31409.753376299603,32148.31417298317,32168.48392819427,20.169755211099982,done,
963,33.99221730069257,31508.526185659037,32247.71051216125,32284.117495084178,36.40698292292655,done,
964,35.40908483089879,31607.298995018467,32347.338099241253,32384.824631245803,37.4865320045501,done,
965,16.816650310065597,31706.0718043779,32447.02896213532,32465.980951147158,18.951989011839032,done,
966,16.255587380146608,31804.84461373733,32546.201039075848,32564.848657201972,18.647618126124144,done,
967,17.13551428983919,31903.617423096766,32646.07488799095,32665.58868710138,19.5137991104275,done,
968,25.603390570031483,32002.3902324562,32745.824978113174,32773.74552412331,27.9205460101366,done,
969,24.570793129969392,32051.776637135918,32795.95089507103,32822.926757985726,26.97586291469634,done,
970,18.71783965965733,32101.16304181563,32846.132337093346,32867.304674094536,21.17233700118959,done,
971,29.59363370086066,32199.935851175065,32945.53279709817,32977.274192225195,31.741395127028227,done,
972,8.274360969662666,32298.708660534496,33045.491923809044,33056.242011951275,10.750088142231109,done,
973,18.69720211951062,32397.48146989393,33144.50867199898,33166.040068078786,21.531396079808477,done,
974,27.044374180259187,32446.867874573647,33194.242286205284,33224.091241078444,29.848954873159528,done,
975,30.67298530950211,32496.254279253364,33244.27929401398,33277.24997882731,32.97068481333554,done,
976,31.103621150832623,32529.17854903984,33277.36242508888,33310.238823037595,32.87639794871212,done,
977,20.765748559497297,32562.10281882632,33310.34358596802,33332.908433921635,22.564847953617573,done,
978,17.112031109863892,32595.0270886128,33344.09817814827,33363.66449709982,19.566318951547142,done,
979,19.925134090008207,32627.951358399278,33377.859544992454,33400.715914141394,22.856369148939848,done,
980,16.570251299999654,32660.875628185753,33410.90342402458,33430.10440003127,19.200976006686687,done,
981,6.2293399299960575,32693.799897972232,33444.3097140789,33453.39784125425,9.088127175346015,done,
982,30.341820359462872,32743.186302651942,33494.60276412964,33527.680866058916,33.07810192927718,done,
983,9.2291058099363,32792.57270733166,33544.867177963264,33556.08569691331,11.218518950045107,done,
984,38.23260776000098,32825.49697711813,33578.275213003166,33618.934110956274,40.658897953107946,done,
985,31.90759488963522,32858.42124690462,33611.78563809395,33652.780057111755,40.99441901780665,done,
986,28.308117910055447,32891.345516691086,33646.15435099602,33683.2272090707,37.07285807467997,done,
987,41.17790534044616,32990.118326050535,33745.49390888214,33788.654548818246,43.16063993610442,done,
988,6.195376330288128,33039.504730730245,33795.84136509895,33804.51183624193,8.670471142977476,done,
989,16.719718989916142,33088.89113540996,33845.70474600792,33865.14562908001,19.440883072093133,done,
990,30.37908205995336,33138.277540089686,33895.34309601784,33928.671163063496,33.328067045658834,done,
991,13.942139919381587,33187.66394476939,33944.8588039875,33960.69073897414,15.831934986636044,done,
992,15.86471605929546,33237.0503494491,33994.888408899315,34013.02820499801,18.139796098694205,done,
993,15.087694328976795,33286.436754128816,34045.217566013336,34062.35827091895,17.140704905614257,done,
994,29.308909790124744,33335.82315880853,34095.557200193405,34126.99457205087,31.437371857464317,done,
995,33.806493529118605,33385.209563488264,34146.183885097504,34182.36353217997,36.17964708246291,done,
996,13.736721529858189,33418.13383327473,34179.70255088806,34197.95374480821,18.2511939201504,done,
997,22.53147211042233,33451.058103061216,34213.140619039536,34237.59574215487,24.45512311533093,done,
998,15.559338430175558,33483.982372847684,34247.779480934136,34265.969143768765,18.189662834629416,done,
999,23.28052531927824,33516.90664263417,34281.15999889374,34306.32143495418,25.16143606044352,done,
1000,7.699898419668897,33549.83091242065,34314.51244020462,34324.72963302024,10.217192815616729,done,
1001,26.43579547991976,33582.755182207125,34347.92222213745,34376.970158105716,29.047935968264937,done,
1002,35.68443694966845,33607.44838454698,34373.453961133964,34414.401027288295,40.94706615433097,done,
1003,38.538050579372786,33632.141586886835,34399.17497086525,34454.84376192279,55.66879105754197,done,
1004,22.975298860110346,33656.8347892267,34424.57561612129,34479.68811609782,55.112499976530664,done,
1005,37.59403476957233,33681.527991566545,34450.08954501152,34519.18267693743,69.09313192591071,done,
1006,13.929773910203949,33706.221193906415,34475.029162883766,34534.95894796961,59.92978508584201,done,
1007,34.252962820464745,33730.91439624627,34499.87204885483,34571.10192883201,71.22987997718155,done,
1008,18.07856003986672,33755.607598586124,34525.36439704895,34591.038830999285,65.67443395033479,done,
1009,23.78598370938562,33780.30080092599,34551.15643596649,34616.72582697496,65.56939100846647,done,
1010,13.564162719994785,33813.22507071246,34585.295229911804,34632.1958419811,46.900612069293864,done,
1011,48.713909049984075,33846.149340498945,34618.907552957535,34682.75736300275,63.84981004521251,done,
1012,16.821498449426144,33879.07361028542,34652.35393190384,34701.48550787568,49.13157597184182,done,
1013,30.55740696960129,33898.828172157315,34672.86752009392,34733.94669623673,61.079176142811775,done,
1014,26.021568329306323,33918.582734029194,34692.95856285095,34761.84028292261,68.88172007165849,done,
1015,8.050396249163898,33938.33729590108,34713.67490196228,34771.767911013216,58.09300905093551,done,
1016,41.83300315053202,33958.09185777297,34734.031274080284,,,error,ValueError
1017,19.748744430253282,33977.846419644855,34754.55072903633,,,error,ValueError
1018,15.668142809299752,34002.53962198472,34779.941316127784,34854.68774302118,74.74642689339818,done,
1019,14.951330319745464,34027.23282432457,34805.46327710152,34871.53930200264,66.07602490112184,done,
1020,24.236699340399355,34051.926026664434,34830.7228410244,34897.62006891891,66.8972278945148,done,
1021,22.602982299868017,34076.61922900429,34855.861438035965,34922.04613687284,66.18469883687794,done,
1022,41.20188205037266,34093.081363897516,34872.70433688164,,,error,ValueError
1023,29.60476880893111,34109.543498790765,34890.18433499336,,,error,ValueError
1024,18.071681470610198,34126.005633684006,34907.798779010765,,,error,ValueError
1025,53.75550060067326,34142.46776857723,34925.221018075936,,,error,ValueError
1026,8.667332519544289,34158.929903470475,34942.68641901016,,,error,ValueError
1027,16.282404280500483,34175.39203836372,34959.6025121212,,,error,ValueError
1028,61.63952249917202,34200.08524070357,34984.762691020966,,,error,ValueError
1029,49.95369132957421,34224.77844304343,35011.12890195846,,,error,ValueError
1030,17.817627879558128,34249.47164538329,35036.551198005676,,,error,ValueError
1031,11.732705020112915,34274.16484772315,35061.627357244484,35129.81268225796,68.18532501347363,done,
1032,12.10447807912715,34298.858050063005,35087.028351068504,35143.76628507488,56.737934006378055,done,
1033,20.217923640739173,34323.551252402875,35112.36362409592,35165.92213901505,53.558514919132,done,
1034,37.767217000946395,34348.24445474273,35137.99691295624,35205.530960833654,67.53404787741601,done,
1035,23.22643066989258,34372.937657082584,35162.96768021584,35230.64301810973,67.67533789388835,done,
1036,25.127166720340032,34389.399791975826,35180.12053799629,,,error,ValueError
1037,31.841430239146572,34405.86192686906,35197.67771100998,,,error,ValueError
1038,10.16005274024792,34422.3240617623,35215.712534189224,,,error,ValueError
1039,21.362573410151526,34438.786196655536,35232.81901717186,,,error,ValueError
1040,25.879901959560808,34455.24833154878,35250.29433608055,,,error,ValueError
1041,11.778603489510715,34471.71046644202,35267.114745140076,,,error,ValueError
1042,13.324252080637963,34491.465028313905,35287.55876994133,,,error,ValueError
1043,18.217123390641067,34511.219590185785,35307.677609920494,,,error,ValueError
1044,17.26842353004031,34530.97415205768,35328.30434203148,,,error,ValueError
1045,74.73585237050429,34550.72871392957,35349.09156990051,,,error,ValueError
1046,33.953330259537324,34570.48327580145,35369.490616083145,,,error,ValueError
1047,68.58909522998147,34590.23783767334,35389.66127896309,,,error,ValueError
1048,21.93022969993763,34609.99239954523,35410.253787994385,,,error,ValueError
1049,25.78898420091718,34629.746961417106,35430.998553037636,,,error,ValueError
1050,15.675350819947198,34649.50152328899,35451.442508220665,35527.117485141374,75.67497692070901,done,
1051,32.68856958951801,34669.25608516088,35471.619945049286,,,error,ValueError
1052,16.708620240679007,34689.01064703277,35492.18619298935,,,error,ValueError
1053,22.699425680330023,34708.765208904646,35512.920271873474,,,error,ValueError
1054,21.13439116976224,34728.51977077654,35533.32930612564,,,error,ValueError
1055,26.622721600579094,34748.274332648434,35553.58370900154,,,error,ValueError
1056,11.838563109049575,34768.028894520314,35574.123697042465,,,error,ValueError
1057,78.92440444091335,34787.7834563922,35594.85533094406,,,error,ValueError
1058,20.528568619629365,34807.53801826409,35615.315699100494,,,error,ValueError
1059,38.33662018994801,34827.292580135974,35635.55166387558,,,error,ValueError
1060,25.44183721067384,34847.04714200786,35656.009866952896,,,error,ValueError
1061,17.806306739803407,34866.80170387975,35676.76859998703,,,error,ValueError
1062,14.401726420037448,34883.26383877299,35694.26989889145,,,error,ValueError
1063,28.32888414035551,34899.72597366622,35711.42038297653,,,error,ValueError
1064,16.620581659954038,34916.188108559465,35728.919307947166,,,error,ValueError
1065,34.431927769910544,34932.650243452714,35746.01447582245,,,error,ValueError
1066,7.733834329992533,34949.11237834594,35762.675016880035,,,error,ValueError
1067,50.682042760308825,34965.57451323918,35780.160184144974,,,error,ValueError
1068,6.268677710322662,34982.036648132416,35797.250323057175,35866.55179300718,69.30146995000541,done,
1069,14.71257523051463,34998.498783025665,35814.863789081566,35883.162956871085,68.29916778951883,done,
1070,30.715531819732863,35014.9609179189,35831.9157948494,,,error,ValueError
1071,25.65332536934875,35031.42305281214,35848.59707999229,,,error,ValueError
1072,30.670752750011157,35047.88518770537,35866.125617980964,,,error,ValueError
1073,25.712709360523146,35064.347322598616,35882.735733032234,,,error,ValueError
1074,15.251934650586918,35089.040524938464,35907.808539152145,,,error,ValueError
1075,15.334813570370898,35113.73372727833,35934.56628513336,36005.016169182956,70.4498840495944,done,
1076,37.45941166998819,35138.42692961819,35959.890383005135,,,error,ValueError
1077,20.444182690698646,35163.120131958036,35985.65581321716,,,error,ValueError
1078,32.34037472982891,35187.8133342979,36011.246289014816,,,error,ValueError
1079,5.834173399489372,35212.50653663776,36036.08289003372,36108.640676978976,72.55778694525361,done,
1080,29.55473250010982,35237.199738977615,36061.494359970085,,,error,ValueError
1081,36.79478973033838,35261.89294131748,36086.99194598198,,,error,ValueError
1082,12.340195160359144,35281.647503189364,36107.64570593834,,,error,ValueError
1083,19.519097480224442,35301.40206506125,36127.83012795448,,,error,ValueError
1084,15.873872719239445,35321.15662693314,36148.44547510147,,,error,ValueError
1085,16.57634534058161,35340.911188805025,36169.12849903107,,,error,ValueError
1086,24.446978280320764,35360.66575067691,36189.57720303536,,,error,ValueError
1087,13.0252655595541,35385.35895301677,36214.892920017235,,,error,ValueError
1088,20.78781447024085,35410.05215535663,36240.4255669117,36314.46288689226,74.03731998056173,done,
1089,34.16082981042564,35434.74535769649,36265.398149967186,,,error,ValueError
1090,29.695391360437497,35459.438560036346,36290.79069304466,,,error,ValueError
1091,30.012912499951202,35484.1317623762,36315.63623404503,,,error,ValueError
1092,16.380602710414678,35508.82496471606,,,,error,ValueError
1093,22.134726650547236,35533.518167055925,,,,error,ValueError
